0000000000000000000000000000000000000000000000000010000000000000000000000000000000000000000000000000
0111111111111111111111111111111111111111111111111010111111111111111111111111111111111111111111111110
0100000000000000000000000000000000000000000000000111100000000000000000000000000000000000000000000000
0101111111111111111111111111111111111111111111110100001111111111111111111111111111111111111111111110
0111000000000000000000000000000000000000000000001101101000000000000000000000000000000000000000000000
0100011111111111111111111111111111111111111111101011011011111111111111111111111111111111111111111110
0101010000000000000000000000000000000000000000011110110110000000000000000000000000000000000000000000
0111110111111111111111111111111111111111111111010001101100111111111111111111111111111111111111111110
0100001100000000000000000000000000000000000000110101011000100000000000000000000000000000000000000000
0101101001111111111111111111111111111111111110101111110010101111111111111111111111111111111111111110
0111011001000000000000000000000000000000000001111000000011111000000000000000000000000000000000000000
0100110001011111111111111111111111111111111101000011111010000011111111111111111111111111111111111110
0100100101110000000000000000000000000000000011011010000110111010000000000000000000000000000000000000
0100100111000111111111111111111111111111111010110110110101100110111111111111111111111111111111111110
0100100100010100000000000000000000000000000111101101101111000101100000000000000000000000000000000000
0100100101011101111111111111111111111111110100011011011000010111001111111111111111111111111111111110
0100100111110011000000000000000000000000001101010110110011011100001000000000000000000000000000000000
0100100100000010011111111111111111111111101011111101100010110001101011111111111111111111111111111110
0100100101111010010000000000000000000000011110000011001011100101011110000000000000000000000000000000
0100100111000110010111111111111111111111010000111010001110000111110000111111111111111111111111111110
0100100100010100011100000000000000000000110110100110101000110100000110100000000000000000000000000000
0100100101011101010001111111111111111110101101100101111010101101110101101111111111111111111111111110
0100100111110011110101000000000000000001111011000111000111111011001111011000000000000000000000000000
0100100100000010001111011111111111111101000110010100010100000110001000110011111111111111111111111110
0100100101111010101000110000000000000011010100011101011101110100101010100010000000000000000000000000
0100100111000111111010100111111111111010111101010011110011001100111111101010111111111111111111111110
0100100100010100000111100100000000000111100011110010000010001000100000011111100000000000000000000000
0100100101011101110100000101111111110100001010000010111010101010101111010000001111111111111111111110
0100100111110011001101110111000000001101101110111011100111111111111000110111101000000000000000000000
0100100100000010001011001100011111101011011001100110000100000000000010101100011011111111111111111110
0100100101111010101110001001010000011110110001000100110101111111111011111001010110000000000000000000
0100100111000111111000101001110111010001100101010100101111000000000110000001111100111111111111111110
0100100100010100000010111001001100110101000111111100111000011111110100111101000000100000000000000000
0100100101011101111011100001001000101111010100000000100011010000001100100011011110101111111111111110
0100100111110011000110001101001010111000111101111110101010110111101000101010110001111000000000000000
0100100100000010010100101011001111100010100011000001111111101100011010111111100101000011111111111110
0100100101111010011100111110001000001011101010011101000000011001010111100000000111011010000000000000
0100100111000110010000100000101011101110011110010011011111010001111100001111110100110110111111111110
0100100100010100010110101110111110011000010000010010110000110101000001101000001100101101100000000000
0100100101011101011101111001100000010011010111010011100110101111011101011011101000111011001111111110
0100100111110011110011000001001111010010111100110010000101111000110011110110011010100110001000000000
0100100100000010000010011101001000110011100000100010110111000010100010001100010111100100101011111110
0100100101111010111010010011001010100010001110101011101100011011101010101001011100000100111110000000
0100100111000111100110010010001111101010101001111110011001010110011111111001110001110100100000111110
0100100100010100000100010010101000011111111001000000010001111100010000000001000101001100101110100000
0100100101011101110101010011111011010000000001011111010101000001010111111101010111001000111001101110
0100100111110011001111110010000110110111111101110000111111011101111100000011111100001010100001011000
0100100100000010001000000010110101101100000011000110100000110011000001111010000001101111101101110010
0100100101111010101011111011101111011001111010010101101110100010011101000110111101011000011011000010
0100100111000111111110000110011000110001000110011111011001101010010011010101100011110011010110011010
0100100100010100000000110100010010100101010100010000110001011110010010111111001010000010111100010110
0100100101011101111110101101010011100111111101010110100101110000010011100000001110111011100001011100
0100100111110011000001111011110010000100000011111101100111000111010010001111101001100110001101110000
0100100100000010011101000110000010110101111010000011000100010100110010101000011001000100101011000110
0100100101111010010011010100111011101111000110111010010101011100100011111011010001010100111110010100
0100100111000110010010111100100110011000010101100110011111110000101010000110110101111100100000011100
0100100100010100010011100000100100010011011111000100010000000110111110110101101111000000101111010000
0100100101011101010010001110100101010010110000010101010111110101100001101111011000011110111000110110
0100100111110011110010101001100111110011100111011111111100001111001101011000110011010001100010101100
0100100100000010000011111001000100000010000100110000000001101000001011110010100010110101001011111000
0100100101111010111010000001010101111010110100100111111101011011101110000011101011101111001110000010
0100100111000111100110111101111111000111101100100100000011110110011000111010011110011000001000111010
0100100100010100000101100011000000010100011000100101111010001100010010100110010000010011101010100110
0100100101011101110111001010011111011101010010100111000110101001010011100100010111010010011111100100
0100100111110011001100001110010000110011110011100100010101111001110010000101011100110010010000000100
0100100100000010001001101000010110100010000010000101011111000001000010110111110000100010010111110100
0100100101111010101001011011011101101010111010110111110000011101011011101100000110101010011100001100
0100100111000111111001110110110011011111100111101100000111010011110110011001110101111110010001101000
0100100100010100000001001101100010110000000100011001110100110010001100010001001111000000010101011010
0100100101011101111101001011001011100111110101010001001100100010101001010101001000011111011111110110
0100100111110011000011001110001110000100001111110101001000101011111001111111001011010000110000001100
0100100100000010011010001000101000110101101000001111001010111110000001000000001110110110100111101000
0100100101111010010110101010111010101111011011101000001111100000111101011111101001101101100100011010
0100100111000110011101111111100111111000110110011011101000001110100011110000011001011011000101010110
0100100100010100010011000000000100000010101100010110011011101001101010000111010001110110010111111100
0100100101011101010010011111110101111011111001011100010110011001011110110100110101001100011100000000
0100100111110011110010010000001111000110000001110001011100010001110001101100101111001001010001111110
0100100100000010000010010111101000010100111101000101110001010101000101011000111000001001110101000000
0100100101111010111010011100011011011100100011010111000101111111010111110010100011101001001111011110
0100100111000111100110010001010110110000101010111100010111000000111100000011101010011001001000110000
0100100100010100000100010101111101100110111111100001011100011110100001111010011110010001001010100110
0100100101011101110101011111000011000101100000001101110001010001101101000110010000010101001111100100
0100100111110011001111110000011010010111001111101011000101110101011011010100010111011111001000000100
0100100100000010001000000111010110011100001000011110010111001111110110111101011100110000001011110100
0100100101111010101011110100111100010001101011010000011100001000001101100011110000100111101110001100
0100100111000111111110001100100001010101011110110111010001101011101011001010000110100100011000101000
0100100100010100000000101000101101111111110001101100110101011110011110001110110101100101010010111010
0100100101011101111110111010111011000000000101011000101111110000010000101001101111000111110011100110
0100100111110011000001100111100110011111110111110010111000000111010110111001011000010100000010000100
0100100100000010011101000100000100010000001100000011100011110100111101100001110011011101111010110100
0100100101111010010011010101110101010111101001111010001010001100100011001101000010110011000111101100
0100100111000110010010111111001111111100011001000110101110101000101010001011011011100010010100011000
0100100100010100010011100000001000000001010001010101111001111010111110101110110110001010011101010010
0100100101011101010010001111101011111101110101111111000001000111100001111001101100101110010011110010
0100100111110011110010101000011110000011001111000000011101010100001101000001011000111000010010000010
0100100100000010000011111011010000111010001000011111010011111101101011011101110010100011010010111010
0100100101111010111010000110110110100110101011010000110010000011011110110011000011101010110011100110
0100100111000111100110110101101101100101111110110110100010111010110001100010011010011111100010000100
0100100100010100000101101111011011000111000001101101101011100111100101001010010110010000001010110100
0100100101011101110111011000110110010100011101011011011110000100000111001110011100010111101111101100
