0000000000000000000000000000000000000000000000000010000000000000000000000000000000000000000000000000
0111111111111111111111111111111111111111111111111011111111111111111111111111111111111111111111111110
0100000000000000000000000000000000000000000000000110000000000000000000000000000000000000000000000000
0111111111111111111111111111111111111111111111110101111111111111111111111111111111111111111111111110
0100000000000000000000000000000000000000000000001111000000000000000000000000000000000000000000000000
0111111111111111111111111111111111111111111111101000111111111111111111111111111111111111111111111110
0100000000000000000000000000000000000000000000011110100000000000000000000000000000000000000000000000
0111111111111111111111111111111111111111111111010001111111111111111111111111111111111111111111111110
0100000000000000000000000000000000000000000000111101000000000000000000000000000000000000000000000000
0111111111111111111111111111111111111111111110100011111111111111111111111111111111111111111111111110
0100000000000000000000000000000000000000000001111010000000000000000000000000000000000000000000000000
0111111111111111111111111111111111111111111101000111111111111111111111111111111111111111111111111110
0100000000000000000000000000000000000000000011110100000000000000000000000000000000000000000000000000
0111111111111111111111111111111111111111111010001111111111111111111111111111111111111111111111111110
0100000000000000000000000000000000000000000111101000000000000000000000000000000000000000000000000000
0111111111111111111111111111111111111111110100011111111111111111111111111111111111111111111111111110
0100000000000000000000000000000000000000001111010000000000000000000000000000000000000000000000000000
0111111111111111111111111111111111111111101000111111111111111111111111111111111111111111111111111110
0100000000000000000000000000000000000000011110100000000000000000000000000000000000000000000000000000
0111111111111111111111111111111111111111010001111111111111111111111111111111111111111111111111111110
0100000000000000000000000000000000000000111101000000000000000000000000000000000000000000000000000000
0111111111111111111111111111111111111110100011111111111111111111111111111111111111111111111111111110
0100000000000000000000000000000000000001111010000000000000000000000000000000000000000000000000000000
0111111111111111111111111111111111111101000111111111111111111111111111111111111111111111111111111110
0100000000000000000000000000000000000011110100000000000000000000000000000000000000000000000000000000
0111111111111111111111111111111111111010001111111111111111111111111111111111111111111111111111111110
0100000000000000000000000000000000000111101000000000000000000000000000000000000000000000000000000000
0111111111111111111111111111111111110100011111111111111111111111111111111111111111111111111111111110
0100000000000000000000000000000000001111010000000000000000000000000000000000000000000000000000000000
0111111111111111111111111111111111101000111111111111111111111111111111111111111111111111111111111110
0100000000000000000000000000000000011110100000000000000000000000000000000000000000000000000000000000
0111111111111111111111111111111111010001111111111111111111111111111111111111111111111111111111111110
0100000000000000000000000000000000111101000000000000000000000000000000000000000000000000000000000000
0111111111111111111111111111111110100011111111111111111111111111111111111111111111111111111111111110
0100000000000000000000000000000001111010000000000000000000000000000000000000000000000000000000000000
0111111111111111111111111111111101000111111111111111111111111111111111111111111111111111111111111110
0100000000000000000000000000000011110100000000000000000000000000000000000000000000000000000000000000
0111111111111111111111111111111010001111111111111111111111111111111111111111111111111111111111111110
0100000000000000000000000000000111101000000000000000000000000000000000000000000000000000000000000000
0111111111111111111111111111110100011111111111111111111111111111111111111111111111111111111111111110
0100000000000000000000000000001111010000000000000000000000000000000000000000000000000000000000000000
0111111111111111111111111111101000111111111111111111111111111111111111111111111111111111111111111110
0100000000000000000000000000011110100000000000000000000000000000000000000000000000000000000000000000
0111111111111111111111111111010001111111111111111111111111111111111111111111111111111111111111111110
0100000000000000000000000000111101000000000000000000000000000000000000000000000000000000000000000000
0111111111111111111111111110100011111111111111111111111111111111111111111111111111111111111111111110
0100000000000000000000000001111010000000000000000000000000000000000000000000000000000000000000000000
0111111111111111111111111101000111111111111111111111111111111111111111111111111111111111111111111110
0100000000000000000000000011110100000000000000000000000000000000000000000000000000000000000000000000
0111111111111111111111111010001111111111111111111111111111111111111111111111111111111111111111111110
0100000000000000000000000111101000000000000000000000000000000000000000000000000000000000000000000000
0111111111111111111111110100011111111111111111111111111111111111111111111111111111111111111111111110
0100000000000000000000001111010000000000000000000000000000000000000000000000000000000000000000000000
0111111111111111111111101000111111111111111111111111111111111111111111111111111111111111111111111110
0100000000000000000000011110100000000000000000000000000000000000000000000000000000000000000000000000
0111111111111111111111010001111111111111111111111111111111111111111111111111111111111111111111111110
0100000000000000000000111101000000000000000000000000000000000000000000000000000000000000000000000000
0111111111111111111110100011111111111111111111111111111111111111111111111111111111111111111111111110
0100000000000000000001111010000000000000000000000000000000000000000000000000000000000000000000000000
0111111111111111111101000111111111111111111111111111111111111111111111111111111111111111111111111110
0100000000000000000011110100000000000000000000000000000000000000000000000000000000000000000000000000
0111111111111111111010001111111111111111111111111111111111111111111111111111111111111111111111111110
0100000000000000000111101000000000000000000000000000000000000000000000000000000000000000000000000000
0111111111111111110100011111111111111111111111111111111111111111111111111111111111111111111111111110
0100000000000000001111010000000000000000000000000000000000000000000000000000000000000000000000000000
0111111111111111101000111111111111111111111111111111111111111111111111111111111111111111111111111110
0100000000000000011110100000000000000000000000000000000000000000000000000000000000000000000000000000
0111111111111111010001111111111111111111111111111111111111111111111111111111111111111111111111111110
0100000000000000111101000000000000000000000000000000000000000000000000000000000000000000000000000000
0111111111111110100011111111111111111111111111111111111111111111111111111111111111111111111111111110
0100000000000001111010000000000000000000000000000000000000000000000000000000000000000000000000000000
0111111111111101000111111111111111111111111111111111111111111111111111111111111111111111111111111110
0100000000000011110100000000000000000000000000000000000000000000000000000000000000000000000000000000
0111111111111010001111111111111111111111111111111111111111111111111111111111111111111111111111111110
0100000000000111101000000000000000000000000000000000000000000000000000000000000000000000000000000000
0111111111110100011111111111111111111111111111111111111111111111111111111111111111111111111111111110
0100000000001111010000000000000000000000000000000000000000000000000000000000000000000000000000000000
0111111111101000111111111111111111111111111111111111111111111111111111111111111111111111111111111110
0100000000011110100000000000000000000000000000000000000000000000000000000000000000000000000000000000
0111111111010001111111111111111111111111111111111111111111111111111111111111111111111111111111111110
0100000000111101000000000000000000000000000000000000000000000000000000000000000000000000000000000000
0111111110100011111111111111111111111111111111111111111111111111111111111111111111111111111111111110
0100000001111010000000000000000000000000000000000000000000000000000000000000000000000000000000000000
0111111101000111111111111111111111111111111111111111111111111111111111111111111111111111111111111110
0100000011110100000000000000000000000000000000000000000000000000000000000000000000000000000000000000
0111111010001111111111111111111111111111111111111111111111111111111111111111111111111111111111111110
0100000111101000000000000000000000000000000000000000000000000000000000000000000000000000000000000000
0111110100011111111111111111111111111111111111111111111111111111111111111111111111111111111111111110
0100001111010000000000000000000000000000000000000000000000000000000000000000000000000000000000000000
0111101000111111111111111111111111111111111111111111111111111111111111111111111111111111111111111110
0100011110100000000000000000000000000000000000000000000000000000000000000000000000000000000000000000
0111010001111111111111111111111111111111111111111111111111111111111111111111111111111111111111111110
0100111101000000000000000000000000000000000000000000000000000000000000000000000000000000000000000000
0110100011111111111111111111111111111111111111111111111111111111111111111111111111111111111111111110
0101111010000000000000000000000000000000000000000000000000000000000000000000000000000000000000000000
0111000111111111111111111111111111111111111111111111111111111111111111111111111111111111111111111110
0100110100000000000000000000000000000000000000000000000000000000000000000000000000000000000000000000
0110101111111111111111111111111111111111111111111111111111111111111111111111111111111111111111111110
0101111000000000000000000000000000000000000000000000000000000000000000000000000000000000000000000000
0111000111111111111111111111111111111111111111111111111111111111111111111111111111111111111111111110
