0000000000000000000000000000000000000000000000000010000000000000000000000000000000000000000000000000
0111111111111111111111111111111111111111111111111000111111111111111111111111111111111111111111111110
0100000000000000000000000000000000000000000000001010100000000000000000000000000000000000000000000010
0001111111111111111111111111111111111111111111100101001111111111111111111111111111111111111111111000
0101000000000000000000000000000000000000000000100010001000000000000000000000000000000000000000001010
0010011111111111111111111111111111111111111110001000100011111111111111111111111111111111111111100100
0000010000000000000000000000000000000000000010100010001010000000000000000000000000000000000000100000
0111000111111111111111111111111111111111111001001000100100111111111111111111111111111111111110001110
0101010100000000000000000000000000000000001000000010000000100000000000000000000000000000000010101010
0010101001111111111111111111111111111111100011111000111110001111111111111111111111111111111001010100
0001010001000000000000000000000000000000101010001010100010101000000000000000000000000000001000101000
0100100100011111111111111111111111111110010100100101001001010011111111111111111111111111100010010010
0000000001010000000000000000000000000010001000000010000000100010000000000000000000000000101000000000
0111111100100111111111111111111111111000100011111000111110001000111111111111111111111110010011111110
0100000100000100000000000000000000001010001010001010100010100010100000000000000000000010000010000010
0001110001110001111111111111111111100100100100100101001001001001001111111111111111111000111000111000
0101010101010101000000000000000000100000000000000010000000000000001000000000000000001010101010101010
0010101010101010011111111111111110001111111111111000111111111111100011111111111111100101010101010100
0001010101010100010000000000000010101000000000001010100000000000101010000000000000100010101010101000
0100101010101001000111111111111001010011111111100101001111111110010100111111111110001001010101010010
0000010101010000010100000000001000100010000000100010001000000010001000100000000010100000101010100000
0111001010100111001001111111100010001000111110001000100011111000100010001111111001001110010101001110
0101000101000101000001000000101000100010100010100010001010001010001000101000001000001010001010001010
0010010010010010011100011110010010001001001001001000100100100100100010010011100011100100100100100100
0000000000000000010101010010000000100000000000000010000000000000001000000010101010100000000000000000
0111111111111111001010100000111110001111111111111000111111111111100011111001010101001111111111111110
0100000000000001000101001110100010101000000000001010100000000000101010001000101010001000000000000010
0001111111111100010010001011001001010011111111100101001111111110010100100010010100100011111111111000
0101000000000101000000100111000000100010000000100010001000000010001000001000001000001010000000001010
0010011111110010011110000101011110001000111110001000100011111000100011100011100011100100111111100100
0000010000010000010010110010110010100010100010100010001010001010001010101010101010100000100000100000
0111000111000111000001110001110001001001001001001000100100100100100101010101010101001110001110001110
0101010101010101011101010101010100000000000000000010000000000000000010101010101010001010101010101010
0010101010101010110110101010101001111111111111111000111111111111111001010101010100100101010101010100
0001010101010101111111010101010001000000000000001010100000000000001000101010101000000010101010101000
0100101010101011000001101010100100011111111111100101001111111111100010010101010011111001010101010010
0000010101010111011101110101000001010000000000100010001000000000101000001010100010001000101010100000
0111001010101101110111011010011100100111111110001000100011111110010011100101001000100010010101001110
0101000101011111011101111100010100000100000010100010001010000010000010100010000010001000001010001010
0010010010110001110111000101001001110001111001001000100100111000111001001000111000100011100100100100
0000000001110101011101010010000001010101001000000010000000101010101000000010101010001010100000000000
0111111101011010110110100000111100101010000011111000111110010101010011111001010100100101001111111110
0100000110111101111111001110100100010100111010001010100010001010100010001000101000000010001000000010
0001110111100111000001001011000001001000101100100101001000100101001000100010010011111000100011111000
0101011100100101011100000111011100000010011100000010000010000010000010001000000010001010001010001010
0010110100000010110101110101110101111000010101111000111000111000111000100011111000100100100100100100
0001111001111001111011011011011011001011001011001010101010101010101010001010001010000000000000000000
0101001001001001001111111111111111000111000111000101010101010101010100100100100100111111111111111110
0010000000000000001000000000000001010101010101010010101010101010101000000000000000100000000000000010
0000111111111111100011111111111100101010101010100001010101010101010011111111111110001111111111111000
0110100000000000101010000000000100010101010101001100101010101010100010000000000010101000000000001010
0111001111111110010100111111110001001010101010001100010101010101001000111111111001010011111111100100
0101001000000010001000100000010100000101010100101101001010101010000010100000001000100010000000100000
0010000011111000100010001111001001110010101000011110000101010100111001001111100010001000111110001110
0000111010001010001000101001000001010001010011010010110010101000101000001000101000100010100010101010
0110101100100100100010010000011100100100100011100001110001010010010011100010010010001001001001010100
0111011100000000001000000111010100000000001010101101010100100000000010101000000000100000000000101000
0101110101111111100011110101101001111111100101011110101000001111111001010011111110001111111110010010
0011011011000000101010011011110001000000100010110011010011101000001000100010000010101000000010000000
0011111111011110010100011110010100011110001001110011100010110011100010001000111001010011111000111110
0010000001110010001001010010001001010010100001010010101001110010101000100010101000100010001010100010
0000111101010000100000100000100000100001001100100001010001010001010010001001010010001000100101001000
0110100110100110001110001110001110001100001100001100100100100100100000100000100000100010000010000010
0111000111000110101010101010101010101101101101101100000000000000001110001110001110001000111000111000
0101010101010111010101010101010101011111111111111101111111111111101010101010101010100010101010101010
0010101010101101101010101010101010110000000000000111000000000000110101010101010101001001010101010100
0001010101011111110101010101010101110111111111110101011111111110111010101010101010000000101010101000
0100101010110000011010101010101011011100000000011010110000000011101101010101010100111110010101010010
0000010101110111011101010101010111110101111111011101110111111010111110101010101000100010001010100000
0111001011011101110110101010101100011011000001110111011100001101100011010101010010001000100101001110
0101000111110111011111010101011101011111011101011101110101101111101011101010100000100010000010001010
0010010100011101110001101010110110110001110110110111011011111000110110110101001110001000111000100100
0000001001010111010101110101111111110101011111111101111110001010111111111010001010100010101010000000
0111100000101101101011011011000000011010110000000111000010100101100000001100100101001001010100111110
0100101110011111110111111111011111011101110111110101011001000011101111101100000010000000101000100010
0000011010010000011100000001110001110111011100011010111000011010111000111101111000111110010010001000
0111011100000111010101111101010101011101110101011101101011011101101010100111001010100010000000100010
0101110101110101101011000110101010110111011010110111110111110111110101000101000101001000111110001000
0011011011011011110111010111010101111101111101111100011100011100011010010010010010000010100010100010
0011111111111110011101101101101011000111000111000101010101010101011100000000000000111001001001001000
0010000000000010010111111111110111010101010101010010101010101010110101111111111110101000000000000010
0000111111111000001100000000011101101010101010100001010101010101111011000000000011010011111111111000
0110100000001011101101111111010111110101010101001100101010101011001111011111111011100010000000001010
0111001111100110111111000001101100011010101010001100010101010111001001110000001110101000111111100100
0101001000100111100001011101111101011101010100101101001010101101000001010111101011010010100000100000
0010000010000100101100110111000110110110101000011110000101011110011100101100110111100001001110001110
0000111000110000011100111101010111111111010011010010110010110010010100011100111100101100001010101010
0110101010110111010100100110101100000001100011100001110001110000001001010100100100011101100101010100
0111010101111101101000000111011101111101101010101101010101010111100000101000000001010111100010101000
0101101011000111110011110101110111000111110101011110101010101100101110010011111100101100101001010010
0011110111010100010010011011011101010100011010110011010101011100011010000010000100011100010000100000
0010011101101001000000011111110110101001011101110011101010110101011100111000110001010101000110001110
0000010111110000011111010000011111010000110111010010110101111010110100101010110100101010010110101010
0111001100010111010001100111010001100110111101100001111011001101111000010101111000010100001111010100
0101001101001101100101100101100101100111100111101101001111001111001011001011001011001001101001101000
0010001110001111100011100011100011100100100100111110001001001001000111000111000111000001110001110010
0000101010101000101010101010101010100000000000100010100000000000010101010101010101011101010101010000
0110010101010010010101010101010101001111111110001001001111111111001010101010101010110110101010100110
0110001010100000001010101010101010001000000010100000001000000001000101010101010101111111010101000110
0110100101001111100101010101010100100011111001001111100011111100010010101010101011000001101010010110
