0000000000000000000000000000000000000000000000000010000000000000000000000000000000000000000000000000
0111111111111111111111111111111111111111111111111001111111111111111111111111111111111111111111111110
0100000000000000000000000000000000000000000000001101000000000000000000000000000000000000000000000010
0011111111111111111111111111111111111111111111101110111111111111111111111111111111111111111111111000
0010000000000000000000000000000000000000000000111011100000000000000000000000000000000000000000001110
0001111111111111111111111111111111111111111110101110111111111111111111111111111111111111111111101010
0101000000000000000000000000000000000000000011011011100000000000000000000000000000000000000000110100
0010111111111111111111111111111111111111111011111110111111111111111111111111111111111111111110111010
0001100000000000000000000000000000000000001110000011100000000000000000000000000000000000000011101100
0101111111111111111111111111111111111111101011111010111111111111111111111111111111111111111010111110
0011000000000000000000000000000000000000110110001101100000000000000000000000000000000000001101100010
0011111111111111111111111111111111111110111111101111111111111111111111111111111111111111101111111000
0010000000000000000000000000000000000011100000111000000000000000000000000000000000000000111000001110
0001111111111111111111111111111111111010111110101111111111111111111111111111111111111110101111101010
0101000000000000000000000000000000001101100011011000000000000000000000000000000000000011011000110100
0010111111111111111111111111111111101111111011111111111111111111111111111111111111111011111110111010
0001100000000000000000000000000000111000001110000000000000000000000000000000000000001110000011101100
0101111111111111111111111111111110101111101011111111111111111111111111111111111111101011111010111110
0011000000000000000000000000000011011000110110000000000000000000000000000000000000110110001101100010
0011111111111111111111111111111011111110111111111111111111111111111111111111111110111111101111111000
0010000000000000000000000000001110000011100000000000000000000000000000000000000011100000111000001110
0001111111111111111111111111101011111010111111111111111111111111111111111111111010111110101111101010
0101000000000000000000000000110110001101100000000000000000000000000000000000001101100011011000110100
0010111111111111111111111110111111101111111111111111111111111111111111111111101111111011111110111010
0001100000000000000000000011100000111000000000000000000000000000000000000000111000001110000011101100
0101111111111111111111111010111110101111111111111111111111111111111111111110101111101011111010111110
0011000000000000000000001101100011011000000000000000000000000000000000000011011000110110001101100010
0011111111111111111111101111111011111111111111111111111111111111111111111011111110111111101111111000
0010000000000000000000111000001110000000000000000000000000000000000000001110000011100000111000001110
0001111111111111111110101111101011111111111111111111111111111111111111101011111010111110101111101010
0101000000000000000011011000110110000000000000000000000000000000000000110110001101100011011000110100
0010111111111111111011111110111111111111111111111111111111111111111110111111101111111011111110111010
0001100000000000001110000011100000000000000000000000000000000000000011100000111000001110000011101100
0101111111111111101011111010111111111111111111111111111111111111111010111110101111101011111010111110
0011000000000000110110001101100000000000000000000000000000000000001101100011011000110110001101100010
0011111111111110111111101111111111111111111111111111111111111111101111111011111110111111101111111000
0010000000000011100000111000000000000000000000000000000000000000111000001110000011100000111000001110
0001111111111010111110101111111111111111111111111111111111111110101111101011111010111110101111101010
0101000000001101100011011000000000000000000000000000000000000011011000110110001101100011011000110100
0010111111101111111011111111111111111111111111111111111111111011111110111111101111111011111110111010
0001100000111000001110000000000000000000000000000000000000001110000011100000111000001110000011101100
0101111110101111101011111111111111111111111111111111111111101011111010111110101111101011111010111110
0011000011011000110110000000000000000000000000000000000000110110001101100011011000110110001101100010
0011111011111110111111111111111111111111111111111111111110111111101111111011111110111111101111111000
0010001110000011100000000000000000000000000000000000000011100000111000001110000011100000111000001110
0001101011111010111111111111111111111111111111111111111010111110101111101011111010111110101111101010
0101110110001101100000000000000000000000000000000000001101100011011000110110001101100011011000110100
0011011111101111111111111111111111111111111111111111101111111011111110111111101111111011111110111010
0011110000111000000000000000000000000000000000000000111000001110000011100000111000001110000011101100
0010011110101111111111111111111111111111111111111110101111101011111010111110101111101011111010111110
0001010011011000000000000000000000000000000000000011011000110110001101100011011000110110001101100010
0100101011111111111111111111111111111111111111111011111110111111101111111011111110111111101111111000
0010010110000000000000000000000000000000000000001110000011100000111000001110000011100000111000001110
0001001111111111111111111111111111111111111111101011111010111110101111101011111010111110101111101010
0100101000000000000000000000000000000000000000110110001101100011011000110110001101100011011000110100
0010010111111111111111111111111111111111111110111111101111111011111110111111101111111011111110111010
0001001100000000000000000000000000000000000011100000111000001110000011100000111000001110000011101100
0100101111111111111111111111111111111111111010111110101111101011111010111110101111101011111010111110
0010011000000000000000000000000000000000001101100011011000110110001101100011011000110110001101100010
0001011111111111111111111111111111111111101111111011111110111111101111111011111110111111101111111000
0100110000000000000000000000000000000000111000001110000011100000111000001110000011100000111000001110
0010111111111111111111111111111111111110101111101011111010111110101111101011111010111110101111101010
0001100000000000000000000000000000000011011000110110001101100011011000110110001101100011011000110100
0101111111111111111111111111111111111011111110111111101111111011111110111111101111111011111110111010
0011000000000000000000000000000000001110000011100000111000001110000011100000111000001110000011101100
0011111111111111111111111111111111101011111010111110101111101011111010111110101111101011111010111110
0010000000000000000000000000000000110110001101100011011000110110001101100011011000110110001101100010
0001111111111111111111111111111110111111101111111011111110111111101111111011111110111111101111111000
0101000000000000000000000000000011100000111000001110000011100000111000001110000011100000111000001110
0010111111111111111111111111111010111110101111101011111010111110101111101011111010111110101111101010
0001100000000000000000000000001101100011011000110110001101100011011000110110001101100011011000110100
0101111111111111111111111111101111111011111110111111101111111011111110111111101111111011111110111010
0011000000000000000000000000111000001110000011100000111000001110000011100000111000001110000011101100
0011111111111111111111111110101111101011111010111110101111101011111010111110101111101011111010111110
0010000000000000000000000011011000110110001101100011011000110110001101100011011000110110001101100010
0001111111111111111111111011111110111111101111111011111110111111101111111011111110111111101111111000
0101000000000000000000001110000011100000111000001110000011100000111000001110000011100000111000001110
0010111111111111111111101011111010111110101111101011111010111110101111101011111010111110101111101010
0001100000000000000000110110001101100011011000110110001101100011011000110110001101100011011000110100
0101111111111111111110111111101111111011111110111111101111111011111110111111101111111011111110111010
0011000000000000000011100000111000001110000011100000111000001110000011100000111000001110000011101100
0011111111111111111010111110101111101011111010111110101111101011111010111110101111101011111010111110
0010000000000000001101100011011000110110001101100011011000110110001101100011011000110110001101100010
0001111111111111101111111011111110111111101111111011111110111111101111111011111110111111101111111000
0101000000000000111000001110000011100000111000001110000011100000111000001110000011100000111000001110
0010111111111110101111101011111010111110101111101011111010111110101111101011111010111110101111101010
0001100000000011011000110110001101100011011000110110001101100011011000110110001101100011011000110100
0101111111111011111110111111101111111011111110111111101111111011111110111111101111111011111110111010
0011000000001110000011100000111000001110000011100000111000001110000011100000111000001110000011101100
0011111111101011111010111110101111101011111010111110101111101011111010111110101111101011111010111110
0010000000110110001101100011011000110110001101100011011000110110001101100011011000110110001101100010
0001111110111111101111111011111110111111101111111011111110111111101111111011111110111111101111111000
0101000011100000111000001110000011100000111000001110000011100000111000001110000011100000111000001110
0010111010111110101111101011111010111110101111101011111010111110101111101011111010111110101111101010
0001101101100011011000110110001101100011011000110110001101100011011000110110001101100011011000110100
0101111111111011111110111111101111111011111110111111101111111011111110111111101111111011111110111010
0011000000001110000011100000111000001110000011100000111000001110000011100000111000001110000011101100
0011111111101011111010111110101111101011111010111110101111101011111010111110101111101011111010111110
0010000000110110001101100011011000110110001101100011011000110110001101100011011000110110001101100010
0001111110111111101111111011111110111111101111111011111110111111101111111011111110111111101111111000
