0000000000000000000000000000000000000000000000000010000000000000000000000000000000000000000000000000
0111111111111111111111111111111111111111111111111010111111111111111111111111111111111111111111111110
0100000000000000000000000000000000000000000000001111100000000000000000000000000000000000000000000010
0101111111111111111111111111111111111111111111101000101111111111111111111111111111111111111111111010
0111000000000000000000000000000000000000000000111010111000000000000000000000000000000000000000001110
0101011111111111111111111111111111111111111110101111101011111111111111111111111111111111111111101010
0111110000000000000000000000000000000000000011111000111110000000000000000000000000000000000000111110
0100010111111111111111111111111111111111111010001010100010111111111111111111111111111111111110100010
0101011100000000000000000000000000000000001110101111101011100000000000000000000000000000000011101010
0111110101111111111111111111111111111111101011111000111110101111111111111111111111111111111010111110
0100011111000000000000000000000000000000111110001010100011111000000000000000000000000000001111100010
0101010001011111111111111111111111111110100010101111101010001011111111111111111111111111101000101010
0111110101110000000000000000000000000011101011111000111110101110000000000000000000000000111010111110
0100011111010111111111111111111111111010111110001010100011111010111111111111111111111110101111100010
0101010001111100000000000000000000001111100010101111101010001111100000000000000000000011111000101010
0111110101000101111111111111111111101000101011111000111110101000101111111111111111111010001010111110
0100011111010111000000000000000000111010111110001010100011111010111000000000000000001110101111100010
0101010001111101011111111111111110101111100010101111101010001111101011111111111111101011111000101010
0111110101000111110000000000000011111000101011111000111110101000111110000000000000111110001010111110
0100011111010100010111111111111010001010111110001010100011111010100010111111111110100010101111100010
0101010001111101011100000000001110101111100010101111101010001111101011100000000011101011111000101010
0111110101000111110101111111101011111000101011111000111110101000111110101111111010111110001010111110
0100011111010100011111000000111110001010111110001010100011111010100011111000001111100010101111100010
0101010001111101010001011110100010101111100010101111101010001111101010001011101000101011111000101010
0111110101000111110101110011101011111000101011111000111110101000111110101110111010111110001010111110
0100011111010100011111010010111110001010111110001010100011111010100011111011101111100010101111100010
0101010001111101010001110011100010101111100010101111101010001111101010001110111000101011111000101010
0111110101000111110101010010101011111000101011111000111110101000111110101011101010111110001010111110
0100011111010100011111110011111110001010111110001010100011111010100011111110111111100010101111100010
0101010001111101010000010010000010101111100010101111101010001111101010000011100000101011111000101010
0111110101000111110111010010111011111000101011111000111110101000111110111010101110111110001010111110
0100011111010100011101110011101110001010111110001010100011111010100011101111111011100010101111100010
0101010001111101010111010010111010101111100010101111101010001111101010111000001110101011111000101010
0111110101000111111101110011101111111000101011111000111110101000111111101011101011111110001010111110
0100011111010100000111010010111000001010111110001010100011111010100000111110111110000010101111100010
0101010001111101110101110011101011101111100010101111101010001111101110100011100010111011111000101010
0111110101000111011111010010111110111000101011111000111110101000111011101010101011101110001010111110
0100011111010101110001110011100011101010111110001010100011111010101110111111111110111010101111100010
0101010001111111010101010010101010111111100010101111101010001111111011100000000011101111111000101010
0111110101000001111111110011111111100000101011111000111110101000001110101111111010111000001010111110
0100011111011101000000010010000000101110111110001010100011111011101011111000001111101011101111100010
0101010001110111011111010010111110111011100010101111101010001110111110001011101000111110111000101010
0111110101011101110001110011100011101110101011111000111110101011100010101110111010100011101010111110
0100011111110111010101010010101010111011111110001010100011111110101011111011101111101010111111100010
0101010000011101111111110011111111101110000010101111101010000011111110001110111000111111100000101010
0111110111010111000000010010000000111010111011111000111110111010000010101011101010100000101110111110
0100011101111101011111010010111110101111101110001010100011101110111011111110111111101110111011100010
0101010111000111110001110011100011111000111010101111101010111011101110000011100000111011101110101010
0111111101010100010101010010101010001010101111111000111111101110111010111010101110101110111011111110
0100000111111101011111110011111110101111111000001010100000111011101111101111111011111011101110000010
0101110100000111110000010010000011111000001011101111101110101110111000111000001110001110111010111010
0111011101110100010111010010111010001011101110111000111011111011101010101011101010101011101111101110
0101110111011101011101110011101110101110111011101010101110001110111111111110111111111110111000111010
0111011101110111110111010010111011111011101110111111111010101011100000000011100000000011101010101110
0101110111011100011101110011101110001110111011100000001111111110101111111010101111111010111111111010
0111011101110101010111010010111010101011101110101111101000000011111000001111111000001111100000001110
0101110111011111111101110011101111111110111011111000111011111010001011101000001011101000101111101010
0111011101110000000111010010111000000011101110001010101110001110101110111011101110111010111000111110
0101110111010111110101110011101011111010111010101111111010101011111011101110111011101111101010100010
0111011101111100011111010010111110001111101111111000001111111110001110111011101110111000111111101010
0101110111000101010001110011100010101000111000001011101000000010101011101110111011101010100000111110
0111011101010111110101010010101011111010101011101110111011111011111110111011101110111111101110100010
0101110111111100011111110011111110001111111110111011101110001110000011101110111011100000111011101010
0111011100000101010000010010000010101000000011101110111010101010111010111011101110101110101110111110
0101110101110111110111010010111011111011111010111011101111111111101111101110111011111011111011100010
0111011111011100011101110011101110001110001111101110111000000000111000111011101110001110001110101010
0101110001110101010111010010111010101010101000111011101011111110101010101110111010101010101011111110
0111010101011111111101110011101111111111111010101110111110000011111111111011101111111111111110000010
0101111111110000000111010010111000000000001111111011100010111010000000001110111000000000000010111010
0111000000010111110101110011101011111111101000001110101011101110111111101011101011111111111011101110
0101011111011100011111010010111110000000111011101011111110111011100000111110111110000000001110111010
0111110001110101010001110011100010111110101110111110000011101110101110100011100010111111101011101110
0100010101011111110101010010101011100011111011100010111010111011111011101010101011100000111110111010
0101011111110000011111110011111110101010001110101011101111101110001110111111111110101110100011101110
0111110000010111010000010010000011111110101011111110111000111010101011100000000011111011101010111010
0100010111011101110111010010111010000011111110000011101010101111111110101111111010001110111111101110
0101011101110111011101110011101110111010000010111010111111111000000011111000001110101011100000111010
0111110111011101110111010010111011101110111011101111100000001011111010001011101011111110101110101110
0100011101110111011101110011101110111011101110111000101111101110001110101110111110000011111011111010
0101010111011101110111010010111011101110111011101010111000111010101011111011100010111010001110001110
0111111101110111011101110011101110111011101110111111101010101111111110001110101011101110101010101010
0100000111011101110111010010111011101110111011100000111111111000000010101011111110111011111111111110
0101110101110111011101110011101110111011101110101110100000001011111011111110000011101110000000000010
0111011111011101110111010010111011101110111011111011101111101110001110000010111010111010111111111010
0101110001110111011101110011101110111011101110001110111000111010101010111011101111101111100000001110
0111010101011101110111010010111011101110111010101011101010101111111111101110111000111000101111101010
0101111111110111011101110011101110111011101111111110111111111000000000111011101010101010111000111110
0111000000011101110111010010111011101110111000000011100000001011111110101110111111111111101010100010
0101011111010111011101110011101110111011101011111010101111101110000011111011100000000000111111101010
0111110001111101110111010010111011101110111110001111111000111010111010001110101111111110100000111110
0100010101000111011101110011101110111011100010101000001010101111101110101011111000000011101110100010
0101011111010101110111010010111011101110101011111011101111111000111011111110001011111010111011101010
0111110001111111011101110011101110111011111110001110111000001010101110000010101110001111101110111110
0100010101000001110111010010111011101110000010101011101011101111111010111011111010101000111011100010
0101011111011101011101110011101110111010111011111110111110111000001111101110001111111010101110101010
0111110001110111110111010010111011101111101110000011100011101011101000111010101000001111111011111110
0100010101011100011101110011101110111000111010111010101010111110111010101111111011101000001110000010
0101011111110101010111010010111011101010101111101111111111100011101111111000001110111011101010111010
0111110000011111111101110011101110111111111000111000000000101010111000001011101011101110111111101110
0100010111010000000111010010111011100000001010101011111110111111101011101110111110111011100000111010
