0000000000000000000000000000000000000000000000000010000000000000000000000000000000000000000000000000
0000000000000000000000000000000000000000000000000011000000000000000000000000000000000000000000000000
0000000000000000000000000000000000000000000000000011100000000000000000000000000000000000000000000000
0000000000000000000000000000000000000000000000000010110000000000000000000000000000000000000000000000
0000000000000000000000000000000000000000000000000011111000000000000000000000000000000000000000000000
0000000000000000000000000000000000000000000000000010001100000000000000000000000000000000000000000000
0000000000000000000000000000000000000000000000000011001110000000000000000000000000000000000000000000
0000000000000000000000000000000000000000000000000011101011000000000000000000000000000000000000000000
0000000000000000000000000000000000000000000000000010111111100000000000000000000000000000000000000000
0000000000000000000000000000000000000000000000000011100000110000000000000000000000000000000000000000
0000000000000000000000000000000000000000000000000010110000111000000000000000000000000000000000000000
0000000000000000000000000000000000000000000000000011111000101100000000000000000000000000000000000000
0000000000000000000000000000000000000000000000000010001100111110000000000000000000000000000000000000
0000000000000000000000000000000000000000000000000011001110100011000000000000000000000000000000000000
0000000000000000000000000000000000000000000000000011101011110011100000000000000000000000000000000000
0000000000000000000000000000000000000000000000000010111110011010110000000000000000000000000000000000
0000000000000000000000000000000000000000000000000011100011011111111000000000000000000000000000000000
0000000000000000000000000000000000000000000000000010110011110000001100000000000000000000000000000000
0000000000000000000000000000000000000000000000000011111010011000001110000000000000000000000000000000
0000000000000000000000000000000000000000000000000010001111011100001011000000000000000000000000000000
0000000000000000000000000000000000000000000000000011001001110110001111100000000000000000000000000000
0000000000000000000000000000000000000000000000000011101101011111001000110000000000000000000000000000
0000000000000000000000000000000000000000000000000010111111110001101100111000000000000000000000000000
0000000000000000000000000000000000000000000000000011100000011001111110101100000000000000000000000000
0000000000000000000000000000000000000000000000000010110000011101000011111110000000000000000000000000
0000000000000000000000000000000000000000000000000011111000010111100010000011000000000000000000000000
0000000000000000000000000000000000000000000000000010001100011100110011000011100000000000000000000000
0000000000000000000000000000000000000000000000000011001110010110111011100010110000000000000000000000
0000000000000000000000000000000000000000000000000011101011011111101110110011111000000000000000000000
0000000000000000000000000000000000000000000000000010111111110000111011111010001100000000000000000000
0000000000000000000000000000000000000000000000000011100000011000101110001111001110000000000000000000
0000000000000000000000000000000000000000000000000010110000011100111011001001101011000000000000000000
0000000000000000000000000000000000000000000000000011111000010110101111101101111111100000000000000000
0000000000000000000000000000000000000000000000000010001100011111111000111111000000110000000000000000
0000000000000000000000000000000000000000000000000011001110010000001100100001100000111000000000000000
0000000000000000000000000000000000000000000000000011101011011000001110110001110000101100000000000000
0000000000000000000000000000000000000000000000000010111111111100001011111001011000111110000000000000
0000000000000000000000000000000000000000000000000011100000000110001110001101111100100011000000000000
0000000000000000000000000000000000000000000000000010110000000111001011001111000110110011100000000000
0000000000000000000000000000000000000000000000000011111000000101101111101001100111111010110000000000
0000000000000000000000000000000000000000000000000010001100000111111000111101110100001111111000000000
0000000000000000000000000000000000000000000000000011001110000100001100100111011110001000001100000000
0000000000000000000000000000000000000000000000000011101011000110001110110101110011001100001110000000
0000000000000000000000000000000000000000000000000010111111100111001011111111011011101110001011000000
0000000000000000000000000000000000000000000000000011100000110101101110000001111110111011001111100000
0000000000000000000000000000000000000000000000000010110000111111111011000001000011101111101000110000
0000000000000000000000000000000000000000000000000011111000100000001111100001100010111000111100111000
0000000000000000000000000000000000000000000000000010001100110000001000110001110011101100100110101100
0000000000000000000000000000000000000000000000000011001110111000001100111001011010111110110111111110
0000000000000000000000000000000000000000000000000011101011101100001110101101111111100011111100000010
0000000000000000000000000000000000000000000000000010111110111110001011111111000000110010000110000010
0000000000000000000000000000000000000000000000000011100011100011001110000001100000111011000111000010
0000000000000000000000000000000000000000000000000010110010110011101011000001110000101111100101100010
0000000000000000000000000000000000000000000000000011111011111010111111100001011000111000110111110010
0000000000000000000000000000000000000000000000000010001110001111100000110001111100101100111100011010
0000000000000000000000000000000000000000000000000011001011001000110000111001000110111110100110011110
0000000000000000000000000000000000000000000000000011101111101100111000101101100111100011110111010010
0000000000000000000000000000000000000000000000000010111000111110101100111111110100110010011101111010
0000000000000000000000000000000000000000000000000011101100100011111110100000011110111011010111001110
0000000000000000000000000000000000000000000000000010111110110010000011110000010011101111111101101010
0000000000000000000000000000000000000000000000000011100011111011000010011000011010111000000111111110
0000000000000000000000000000000000000000000000000010110010001111100011011100011111101100000100000010
0000000000000000000000000000000000000000000000000011111011001000110011110110010000111110000110000010
0000000000000000000000000000000000000000000000000010001111101100111010011111011000100011000111000010
0000000000000000000000000000000000000000000000000011001000111110101111010001111100110011100101100010
0000000000000000000000000000000000000000000000000011101100100011111001111001000110111010110111110010
0000000000000000000000000000000000000000000000000010111110110010001101001101100111101111111100011010
0000000000000000000000000000000000000000000000000011100011111011001111101111110100111000000110011110
0000000000000000000000000000000000000000000000000010110010001111101000111000011110101100000111010010
0000000000000000000000000000000000000000000000000011111011001000111100101100010011111110000101111010
0000000000000000000000000000000000000000000000000010001111101100100110111110011010000011000111001110
0000000000000000000000000000000000000000000000000011001000111110110111100011011111000011100101101010
0000000000000000000000000000000000000000000000000011101100100011111100110011110001100010110111111110
0000000000000000000000000000000000000000000000000010111110110010000110111010011001110011111100000010
0000000000000000000000000000000000000000000000000011100011111011000111101111011101011010000110000010
0000000000000000000000000000000000000000000000000010110010001111100100111001110111111111000111000010
0000000000000000000000000000000000000000000000000011111011001000110110101101011100000001100101100010
0000000000000000000000000000000000000000000000000010001111101100111111111111110110000001110111110010
0000000000000000000000000000000000000000000000000011001000111110100000000000011111000001011100011010
0000000000000000000000000000000000000000000000000011101100100011110000000000010001100001110110011110
0000000000000000000000000000000000000000000000000010111110110010011000000000011001110001011111010010
0000000000000000000000000000000000000000000000000011100011111011011100000000011101011001110001111010
0000000000000000000000000000000000000000000000000010110010001111110110000000010111111101011001001110
0000000000000000000000000000000000000000000000000011111011001000011111000000011100000111111101101010
0000000000000000000000000000000000000000000000000010001111101100010001100000010110000100000111111110
0000000000000000000000000000000000000000000000000011001000111110011001110000011111000110000100000010
0000000000000000000000000000000000000000000000000011101100100011011101011000010001100111000110000010
0000000000000000000000000000000000000000000000000010111110110011110111111100011001110101100111000010
0000000000000000000000000000000000000000000000000011100011111010011100000110011101011111110101100010
0000000000000000000000000000000000000000000000000010110010001111010110000111010111110000011111110010
0000000000000000000000000000000000000000000000000011111011001001111111000101111100011000010000011010
0000000000000000000000000000000000000000000000000010001111101101000001100111000110011100011000011110
0000000000000000000000000000000000000000000000000011001000111111100001110101100111010110011100010010
0000000000000000000000000000000000000000000000000011101100100000110001011111110101111111010110011010
0000000000000000000000000000000000000000000000000010111110110000111001110000011111000001111111011110
0000000000000000000000000000000000000000000000000011100011111000101101011000010001100001000001110010
0000000000000000000000000000000000000000000000000010110010001100111111111100011001110001100001011010
0000000000000000000000000000000000000000000000000011111011001110100000000110011101011001110001111110
0000000000000000000000000000000000000000000000000010001111101011110000000111010111111101011001000010
0000000000000000000000000000000000000000000000000011001000111110011000000101111100000111111101100010
