0000000000000000000000000000000000000000000000000010000000000000000000000000000000000000000000000000
0111111111111111111111111111111111111111111111111011111111111111111111111111111111111111111111111110
0100000000000000000000000000000000000000000000001110000000000000000000000000000000000000000000000010
0111111111111111111111111111111111111111111111101011111111111111111111111111111111111111111111111010
0100000000000000000000000000000000000000000000111110000000000000000000000000000000000000000000001110
0111111111111111111111111111111111111111111110100011111111111111111111111111111111111111111111101010
0100000000000000000000000000000000000000000011111010000000000000000000000000000000000000000000111110
0111111111111111111111111111111111111111111010001111111111111111111111111111111111111111111110100010
0100000000000000000000000000000000000000001111101000000000000000000000000000000000000000000011111010
0111111111111111111111111111111111111111101000111111111111111111111111111111111111111111111010001110
0100000000000000000000000000000000000000111110100000000000000000000000000000000000000000001111101010
0111111111111111111111111111111111111110100011111111111111111111111111111111111111111111101000111110
0100000000000000000000000000000000000011111010000000000000000000000000000000000000000000111110100010
0111111111111111111111111111111111111010001111111111111111111111111111111111111111111110100011111010
0100000000000000000000000000000000001111101000000000000000000000000000000000000000000011111010001110
0111111111111111111111111111111111101000111111111111111111111111111111111111111111111010001111101010
0100000000000000000000000000000000111110100000000000000000000000000000000000000000001111101000111110
0111111111111111111111111111111110100011111111111111111111111111111111111111111111101000111110100010
0100000000000000000000000000000011111010000000000000000000000000000000000000000000111110100011111010
0111111111111111111111111111111010001111111111111111111111111111111111111111111110100011111010001110
0100000000000000000000000000001111101000000000000000000000000000000000000000000011111010001111101010
0111111111111111111111111111101000111111111111111111111111111111111111111111111010001111101000111110
0100000000000000000000000000111110100000000000000000000000000000000000000000001111101000111110100010
0111111111111111111111111110100011111111111111111111111111111111111111111111101000111110100011111010
0100000000000000000000000011111010000000000000000000000000000000000000000000111110100011111010001110
0111111111111111111111111010001111111111111111111111111111111111111111111110100011111010001111101010
0100000000000000000000001111101000000000000000000000000000000000000000000011111010001111101000111110
0111111111111111111111101000111111111111111111111111111111111111111111111010001111101000111110100010
0100000000000000000000111110100000000000000000000000000000000000000000001111101000111110100011111010
0111111111111111111110100011111111111111111111111111111111111111111111101000111110100011111010001110
0100000000000000000011111010000000000000000000000000000000000000000000111110100011111010001111101010
0111111111111111111010001111111111111111111111111111111111111111111110100011111010001111101000111110
0100000000000000001111101000000000000000000000000000000000000000000011111010001111101000111110100010
0111111111111111101000111111111111111111111111111111111111111111111010001111101000111110100011111010
0100000000000000111110100000000000000000000000000000000000000000001111101000111110100011111010001110
0111111111111110100011111111111111111111111111111111111111111111101000111110100011111010001111101010
0100000000000011111010000000000000000000000000000000000000000000111110100011111010001111101000111110
0111111111111010001111111111111111111111111111111111111111111110100011111010001111101000111110100010
0100000000001111101000000000000000000000000000000000000000000011111010001111101000111110100011111010
0111111111101000111111111111111111111111111111111111111111111010001111101000111110100011111010001110
0100000000111110100000000000000000000000000000000000000000001111101000111110100011111010001111101010
0111111110100011111111111111111111111111111111111111111111101000111110100011111010001111101000111110
0100000011111010000000000000000000000000000000000000000000111110100011111010001111101000111110100010
0111111010001111111111111111111111111111111111111111111110100011111010001111101000111110100011111010
0100001111101000000000000000000000000000000000000000000011111010001111101000111110100011111010001110
0111101000111111111111111111111111111111111111111111111010001111101000111110100011111010001111101010
0100111110100000000000000000000000000000000000000000001111101000111110100011111010001111101000111110
0110100011111111111111111111111111111111111111111111101000111110100011111010001111101000111110100010
0111111010000000000000000000000000000000000000000000111110100011111010001111101000111110100011111010
0100001111111111111111111111111111111111111111111110100011111010001111101000111110100011111010001110
0111101000000000000000000000000000000000000000000011111010001111101000111110100011111010001111101010
0100111111111111111111111111111111111111111111111010001111101000111110100011111010001111101000111110
0110100000000000000000000000000000000000000000001111101000111110100011111010001111101000111110100010
0111111111111111111111111111111111111111111111101000111110100011111010001111101000111110100011111010
0100000000000000000000000000000000000000000000111110100011111010001111101000111110100011111010001110
0111111111111111111111111111111111111111111110100011111010001111101000111110100011111010001111101010
0100000000000000000000000000000000000000000011111010001111101000111110100011111010001111101000111110
0111111111111111111111111111111111111111111010001111101000111110100011111010001111101000111110100010
0100000000000000000000000000000000000000001111101000111110100011111010001111101000111110100011111010
0111111111111111111111111111111111111111101000111110100011111010001111101000111110100011111010001110
0100000000000000000000000000000000000000111110100011111010001111101000111110100011111010001111101010
0111111111111111111111111111111111111110100011111010001111101000111110100011111010001111101000111110
0100000000000000000000000000000000000011111010001111101000111110100011111010001111101000111110100010
0111111111111111111111111111111111111010001111101000111110100011111010001111101000111110100011111010
0100000000000000000000000000000000001111101000111110100011111010001111101000111110100011111010001110
0111111111111111111111111111111111101000111110100011111010001111101000111110100011111010001111101010
0100000000000000000000000000000000111110100011111010001111101000111110100011111010001111101000111110
0111111111111111111111111111111110100011111010001111101000111110100011111010001111101000111110100010
0100000000000000000000000000000011111010001111101000111110100011111010001111101000111110100011111010
0111111111111111111111111111111010001111101000111110100011111010001111101000111110100011111010001110
0100000000000000000000000000001111101000111110100011111010001111101000111110100011111010001111101010
0111111111111111111111111111101000111110100011111010001111101000111110100011111010001111101000111110
0100000000000000000000000000111110100011111010001111101000111110100011111010001111101000111110100010
0111111111111111111111111110100011111010001111101000111110100011111010001111101000111110100011111010
0100000000000000000000000011111010001111101000111110100011111010001111101000111110100011111010001110
0111111111111111111111111010001111101000111110100011111010001111101000111110100011111010001111101010
0100000000000000000000001111101000111110100011111010001111101000111110100011111010001111101000111110
0111111111111111111111101000111110100011111010001111101000111110100011111010001111101000111110100010
0100000000000000000000111110100011111010001111101000111110100011111010001111101000111110100011111010
0111111111111111111110100011111010001111101000111110100011111010001111101000111110100011111010001110
0100000000000000000011111010001111101000111110100011111010001111101000111110100011111010001111101010
0111111111111111111010001111101000111110100011111010001111101000111110100011111010001111101000111110
0100000000000000001111101000111110100011111010001111101000111110100011111010001111101000111110100010
0111111111111111101000111110100011111010001111101000111110100011111010001111101000111110100011111010
0100000000000000111110100011111010001111101000111110100011111010001111101000111110100011111010001110
0111111111111110100011111010001111101000111110100011111010001111101000111110100011111010001111101010
0100000000000011111010001111101000111110100011111010001111101000111110100011111010001111101000111110
0111111111111010001111101000111110100011111010001111101000111110100011111010001111101000111110100010
0100000000001111101000111110100011111010001111101000111110100011111010001111101000111110100011111010
0111111111101000111110100011111010001111101000111110100011111010001111101000111110100011111010001110
0100000000111110100011111010001111101000111110100011111010001111101000111110100011111010001111101010
0111111110100011111010001111101000111110100011111010001111101000111110100011111010001111101000111110
0100000011111010001111101000111110100011111010001111101000111110100011111010001111101000111110100010
0111111010001111101000111110100011111010001111101000111110100011111010001111101000111110100011111010
0100001111101000111110100011111010001111101000111110100011111010001111101000111110100011111010001110
0111101000111110100011111010001111101000111110100011111010001111101000111110100011111010001111101010
0100111110100011111010001111101000111110100011111010001111101000111110100011111010001111101000111110
0110100011111010001111101000111110100011111010001111101000111110100011111010001111101000111110100010
0111111010001111101000111110100011111010001111101000111110100011111010001111101000111110100011111010
0100001111101000111110100011111010001111101000111110100011111010001111101000111110100011111010001110
