0000000000000000000000000000000000000000000000000010000000000000000000000000000000000000000000000000
0111111111111111111111111111111111111111111111111101111111111111111111111111111111111111111111111110
0100000000000000000000000000000000000000000000000011000000000000000000000000000000000000000000000000
0011111111111111111111111111111111111111111111111110111111111111111111111111111111111111111111111110
0110000000000000000000000000000000000000000000000001100000000000000000000000000000000000000000000000
0101111111111111111111111111111111111111111111111111011111111111111111111111111111111111111111111110
0011000000000000000000000000000000000000000000000000110000000000000000000000000000000000000000000000
0110111111111111111111111111111111111111111111111111101111111111111111111111111111111111111111111110
0101100000000000000000000000000000000000000000000000011000000000000000000000000000000000000000000000
0011011111111111111111111111111111111111111111111111110111111111111111111111111111111111111111111110
0110110000000000000000000000000000000000000000000000001100000000000000000000000000000000000000000000
0101101111111111111111111111111111111111111111111111111011111111111111111111111111111111111111111110
0011011000000000000000000000000000000000000000000000000110000000000000000000000000000000000000000000
0110110111111111111111111111111111111111111111111111111101111111111111111111111111111111111111111110
0101101100000000000000000000000000000000000000000000000011000000000000000000000000000000000000000000
0011011011111111111111111111111111111111111111111111111110111111111111111111111111111111111111111110
0110110110000000000000000000000000000000000000000000000001100000000000000000000000000000000000000000
0101101101111111111111111111111111111111111111111111111111011111111111111111111111111111111111111110
0011011011000000000000000000000000000000000000000000000000110000000000000000000000000000000000000000
0110110110111111111111111111111111111111111111111111111111101111111111111111111111111111111111111110
0101101101100000000000000000000000000000000000000000000000011000000000000000000000000000000000000000
0011011011011111111111111111111111111111111111111111111111110111111111111111111111111111111111111110
0110110110110000000000000000000000000000000000000000000000001100000000000000000000000000000000000000
0101101101101111111111111111111111111111111111111111111111111011111111111111111111111111111111111110
0011011011011000000000000000000000000000000000000000000000000110000000000000000000000000000000000000
0110110110110111111111111111111111111111111111111111111111111101111111111111111111111111111111111110
0101101101101100000000000000000000000000000000000000000000000011000000000000000000000000000000000000
0011011011011011111111111111111111111111111111111111111111111110111111111111111111111111111111111110
0110110110110110000000000000000000000000000000000000000000000001100000000000000000000000000000000000
0101101101101101111111111111111111111111111111111111111111111111011111111111111111111111111111111110
0011011011011011000000000000000000000000000000000000000000000000110000000000000000000000000000000000
0110110110110110111111111111111111111111111111111111111111111111101111111111111111111111111111111110
0101101101101101100000000000000000000000000000000000000000000000011000000000000000000000000000000000
0011011011011011011111111111111111111111111111111111111111111111110111111111111111111111111111111110
0110110110110110110000000000000000000000000000000000000000000000001100000000000000000000000000000000
0101101101101101101111111111111111111111111111111111111111111111111011111111111111111111111111111110
0011011011011011011000000000000000000000000000000000000000000000000110000000000000000000000000000000
0110110110110110110111111111111111111111111111111111111111111111111101111111111111111111111111111110
0101101101101101101100000000000000000000000000000000000000000000000011000000000000000000000000000000
0011011011011011011011111111111111111111111111111111111111111111111110111111111111111111111111111110
0110110110110110110110000000000000000000000000000000000000000000000001100000000000000000000000000000
0101101101101101101101111111111111111111111111111111111111111111111111011111111111111111111111111110
0011011011011011011011000000000000000000000000000000000000000000000000110000000000000000000000000000
0110110110110110110110111111111111111111111111111111111111111111111111101111111111111111111111111110
0101101101101101101101100000000000000000000000000000000000000000000000011000000000000000000000000000
0011011011011011011011011111111111111111111111111111111111111111111111110111111111111111111111111110
0110110110110110110110110000000000000000000000000000000000000000000000001100000000000000000000000000
0101101101101101101101101111111111111111111111111111111111111111111111111011111111111111111111111110
0011011011011011011011011000000000000000000000000000000000000000000000000110000000000000000000000000
0110110110110110110110110111111111111111111111111111111111111111111111111101111111111111111111111110
0101101101101101101101101100000000000000000000000000000000000000000000000011000000000000000000000000
0011011011011011011011011011111111111111111111111111111111111111111111111110111111111111111111111110
0110110110110110110110110110000000000000000000000000000000000000000000000001100000000000000000000000
0101101101101101101101101101111111111111111111111111111111111111111111111111011111111111111111111110
0011011011011011011011011011000000000000000000000000000000000000000000000000110000000000000000000000
0110110110110110110110110110111111111111111111111111111111111111111111111111101111111111111111111110
0101101101101101101101101101100000000000000000000000000000000000000000000000011000000000000000000000
0011011011011011011011011011011111111111111111111111111111111111111111111111110111111111111111111110
0110110110110110110110110110110000000000000000000000000000000000000000000000001100000000000000000000
0101101101101101101101101101101111111111111111111111111111111111111111111111111011111111111111111110
0011011011011011011011011011011000000000000000000000000000000000000000000000000110000000000000000000
0110110110110110110110110110110111111111111111111111111111111111111111111111111101111111111111111110
0101101101101101101101101101101100000000000000000000000000000000000000000000000011000000000000000000
0011011011011011011011011011011011111111111111111111111111111111111111111111111110111111111111111110
0110110110110110110110110110110110000000000000000000000000000000000000000000000001100000000000000000
0101101101101101101101101101101101111111111111111111111111111111111111111111111111011111111111111110
0011011011011011011011011011011011000000000000000000000000000000000000000000000000110000000000000000
0110110110110110110110110110110110111111111111111111111111111111111111111111111111101111111111111110
0101101101101101101101101101101101100000000000000000000000000000000000000000000000011000000000000000
0011011011011011011011011011011011011111111111111111111111111111111111111111111111110111111111111110
0110110110110110110110110110110110110000000000000000000000000000000000000000000000001100000000000000
0101101101101101101101101101101101101111111111111111111111111111111111111111111111111011111111111110
0011011011011011011011011011011011011000000000000000000000000000000000000000000000000110000000000000
0110110110110110110110110110110110110111111111111111111111111111111111111111111111111101111111111110
0101101101101101101101101101101101101100000000000000000000000000000000000000000000000011000000000000
0011011011011011011011011011011011011011111111111111111111111111111111111111111111111110111111111110
0110110110110110110110110110110110110110000000000000000000000000000000000000000000000001100000000000
0101101101101101101101101101101101101101111111111111111111111111111111111111111111111111011111111110
0011011011011011011011011011011011011011000000000000000000000000000000000000000000000000110000000000
0110110110110110110110110110110110110110111111111111111111111111111111111111111111111111101111111110
0101101101101101101101101101101101101101100000000000000000000000000000000000000000000000011000000000
0011011011011011011011011011011011011011011111111111111111111111111111111111111111111111110111111110
0110110110110110110110110110110110110110110000000000000000000000000000000000000000000000001100000000
0101101101101101101101101101101101101101101111111111111111111111111111111111111111111111111011111110
0011011011011011011011011011011011011011011000000000000000000000000000000000000000000000000110000000
0110110110110110110110110110110110110110110111111111111111111111111111111111111111111111111101111110
0101101101101101101101101101101101101101101100000000000000000000000000000000000000000000000011000000
0011011011011011011011011011011011011011011011111111111111111111111111111111111111111111111110111110
0110110110110110110110110110110110110110110110000000000000000000000000000000000000000000000001100000
0101101101101101101101101101101101101101101101111111111111111111111111111111111111111111111111011110
0011011011011011011011011011011011011011011011000000000000000000000000000000000000000000000000110000
0110110110110110110110110110110110110110110110111111111111111111111111111111111111111111111111101110
0101101101101101101101101101101101101101101101100000000000000000000000000000000000000000000000011000
0011011011011011011011011011011011011011011011011111111111111111111111111111111111111111111111110110
0110110110110110110110110110110110110110110110110000000000000000000000000000000000000000000000001100
0101101101101101101101101101101101101101101101101111111111111111111111111111111111111111111111111010
0011011011011011011011011011011011011011011011011000000000000000000000000000000000000000000000000100
0110110110110110110110110110110110110110110110110111111111111111111111111111111111111111111111111010
0101101101101101101101101101101101101101101101101100000000000000000000000000000000000000000000000100
0011011011011011011011011011011011011011011011011011111111111111111111111111111111111111111111111010
