0000000000000000000000000000000000000000000000000010000000000000000000000000000000000000000000000000
0111111111111111111111111111111111111111111111111110111111111111111111111111111111111111111111111110
0100000000000000000000000000000000000000000000000001100000000000000000000000000000000000000000000000
0101111111111111111111111111111111111111111111111111001111111111111111111111111111111111111111111110
0111000000000000000000000000000000000000000000000000011000000000000000000000000000000000000000000000
0100011111111111111111111111111111111111111111111111110011111111111111111111111111111111111111111110
0101110000000000000000000000000000000000000000000000000110000000000000000000000000000000000000000000
0111000111111111111111111111111111111111111111111111111100111111111111111111111111111111111111111110
0100011100000000000000000000000000000000000000000000000001100000000000000000000000000000000000000000
0101110001111111111111111111111111111111111111111111111111001111111111111111111111111111111111111110
0111000111000000000000000000000000000000000000000000000000011000000000000000000000000000000000000000
0100011100011111111111111111111111111111111111111111111111110011111111111111111111111111111111111110
0101110001110000000000000000000000000000000000000000000000000110000000000000000000000000000000000000
0111000111000111111111111111111111111111111111111111111111111100111111111111111111111111111111111110
0100011100011100000000000000000000000000000000000000000000000001100000000000000000000000000000000000
0101110001110001111111111111111111111111111111111111111111111111001111111111111111111111111111111110
0111000111000111000000000000000000000000000000000000000000000000011000000000000000000000000000000000
0100011100011100011111111111111111111111111111111111111111111111110011111111111111111111111111111110
0101110001110001110000000000000000000000000000000000000000000000000110000000000000000000000000000000
0111000111000111000111111111111111111111111111111111111111111111111100111111111111111111111111111110
0100011100011100011100000000000000000000000000000000000000000000000001100000000000000000000000000000
0101110001110001110001111111111111111111111111111111111111111111111111001111111111111111111111111110
0111000111000111000111000000000000000000000000000000000000000000000000011000000000000000000000000000
0100011100011100011100011111111111111111111111111111111111111111111111110011111111111111111111111110
0101110001110001110001110000000000000000000000000000000000000000000000000110000000000000000000000000
0111000111000111000111000111111111111111111111111111111111111111111111111100111111111111111111111110
0100011100011100011100011100000000000000000000000000000000000000000000000001100000000000000000000000
0101110001110001110001110001111111111111111111111111111111111111111111111111001111111111111111111110
0111000111000111000111000111000000000000000000000000000000000000000000000000011000000000000000000000
0100011100011100011100011100011111111111111111111111111111111111111111111111110011111111111111111110
0101110001110001110001110001110000000000000000000000000000000000000000000000000110000000000000000000
0111000111000111000111000111000111111111111111111111111111111111111111111111111100111111111111111110
0100011100011100011100011100011100000000000000000000000000000000000000000000000001100000000000000000
0101110001110001110001110001110001111111111111111111111111111111111111111111111111001111111111111110
0111000111000111000111000111000111000000000000000000000000000000000000000000000000011000000000000000
0100011100011100011100011100011100011111111111111111111111111111111111111111111111110011111111111110
0101110001110001110001110001110001110000000000000000000000000000000000000000000000000110000000000000
0111000111000111000111000111000111000111111111111111111111111111111111111111111111111100111111111110
0100011100011100011100011100011100011100000000000000000000000000000000000000000000000001100000000000
0101110001110001110001110001110001110001111111111111111111111111111111111111111111111111001111111110
0111000111000111000111000111000111000111000000000000000000000000000000000000000000000000011000000000
0100011100011100011100011100011100011100011111111111111111111111111111111111111111111111110011111110
0101110001110001110001110001110001110001110000000000000000000000000000000000000000000000000110000000
0111000111000111000111000111000111000111000111111111111111111111111111111111111111111111111100111110
0100011100011100011100011100011100011100011100000000000000000000000000000000000000000000000001100000
0101110001110001110001110001110001110001110001111111111111111111111111111111111111111111111111001110
0111000111000111000111000111000111000111000111000000000000000000000000000000000000000000000000011000
0100011100011100011100011100011100011100011100011111111111111111111111111111111111111111111111110010
0101110001110001110001110001110001110001110001110000000000000000000000000000000000000000000000000110
0111000111000111000111000111000111000111000111000111111111111111111111111111111111111111111111111100
0100011100011100011100011100011100011100011100011100000000000000000000000000000000000000000000000000
0101110001110001110001110001110001110001110001110001111111111111111111111111111111111111111111111110
0111000111000111000111000111000111000111000111000111000000000000000000000000000000000000000000000000
0100011100011100011100011100011100011100011100011100011111111111111111111111111111111111111111111110
0101110001110001110001110001110001110001110001110001110000000000000000000000000000000000000000000000
0111000111000111000111000111000111000111000111000111000111111111111111111111111111111111111111111110
0100011100011100011100011100011100011100011100011100011100000000000000000000000000000000000000000000
0101110001110001110001110001110001110001110001110001110001111111111111111111111111111111111111111110
0111000111000111000111000111000111000111000111000111000111000000000000000000000000000000000000000000
0100011100011100011100011100011100011100011100011100011100011111111111111111111111111111111111111110
0101110001110001110001110001110001110001110001110001110001110000000000000000000000000000000000000000
0111000111000111000111000111000111000111000111000111000111000111111111111111111111111111111111111110
0100011100011100011100011100011100011100011100011100011100011100000000000000000000000000000000000000
0101110001110001110001110001110001110001110001110001110001110001111111111111111111111111111111111110
0111000111000111000111000111000111000111000111000111000111000111000000000000000000000000000000000000
0100011100011100011100011100011100011100011100011100011100011100011111111111111111111111111111111110
0101110001110001110001110001110001110001110001110001110001110001110000000000000000000000000000000000
0111000111000111000111000111000111000111000111000111000111000111000111111111111111111111111111111110
0100011100011100011100011100011100011100011100011100011100011100011100000000000000000000000000000000
0101110001110001110001110001110001110001110001110001110001110001110001111111111111111111111111111110
0111000111000111000111000111000111000111000111000111000111000111000111000000000000000000000000000000
0100011100011100011100011100011100011100011100011100011100011100011100011111111111111111111111111110
0101110001110001110001110001110001110001110001110001110001110001110001110000000000000000000000000000
0111000111000111000111000111000111000111000111000111000111000111000111000111111111111111111111111110
0100011100011100011100011100011100011100011100011100011100011100011100011100000000000000000000000000
0101110001110001110001110001110001110001110001110001110001110001110001110001111111111111111111111110
0111000111000111000111000111000111000111000111000111000111000111000111000111000000000000000000000000
0100011100011100011100011100011100011100011100011100011100011100011100011100011111111111111111111110
0101110001110001110001110001110001110001110001110001110001110001110001110001110000000000000000000000
0111000111000111000111000111000111000111000111000111000111000111000111000111000111111111111111111110
0100011100011100011100011100011100011100011100011100011100011100011100011100011100000000000000000000
0101110001110001110001110001110001110001110001110001110001110001110001110001110001111111111111111110
0111000111000111000111000111000111000111000111000111000111000111000111000111000111000000000000000000
0100011100011100011100011100011100011100011100011100011100011100011100011100011100011111111111111110
0101110001110001110001110001110001110001110001110001110001110001110001110001110001110000000000000000
0111000111000111000111000111000111000111000111000111000111000111000111000111000111000111111111111110
0100011100011100011100011100011100011100011100011100011100011100011100011100011100011100000000000000
0101110001110001110001110001110001110001110001110001110001110001110001110001110001110001111111111110
0111000111000111000111000111000111000111000111000111000111000111000111000111000111000111000000000000
0100011100011100011100011100011100011100011100011100011100011100011100011100011100011100011111111110
0101110001110001110001110001110001110001110001110001110001110001110001110001110001110001110000000000
0111000111000111000111000111000111000111000111000111000111000111000111000111000111000111000111111110
0100011100011100011100011100011100011100011100011100011100011100011100011100011100011100011100000000
0101110001110001110001110001110001110001110001110001110001110001110001110001110001110001110001111110
0111000111000111000111000111000111000111000111000111000111000111000111000111000111000111000111000000
0100011100011100011100011100011100011100011100011100011100011100011100011100011100011100011100011110
0101110001110001110001110001110001110001110001110001110001110001110001110001110001110001110001110000
0111000111000111000111000111000111000111000111000111000111000111000111000111000111000111000111000110
0100011100011100011100011100011100011100011100011100011100011100011100011100011100011100011100011100
0101110001110001110001110001110001110001110001110001110001110001110001110001110001110001110001110000
