0000000000000000000000000000000000000000000000000010000000000000000000000000000000000000000000000000
0000000000000000000000000000000000000000000000000111000000000000000000000000000000000000000000000000
0000000000000000000000000000000000000000000000001100100000000000000000000000000000000000000000000000
0000000000000000000000000000000000000000000000011011110000000000000000000000000000000000000000000000
0000000000000000000000000000000000000000000000110110001000000000000000000000000000000000000000000000
0000000000000000000000000000000000000000000001101101011100000000000000000000000000000000000000000000
0000000000000000000000000000000000000000000011011011110010000000000000000000000000000000000000000000
0000000000000000000000000000000000000000000110110110001111000000000000000000000000000000000000000000
0000000000000000000000000000000000000000001101101101011000100000000000000000000000000000000000000000
0000000000000000000000000000000000000000011011011011110101110000000000000000000000000000000000000000
0000000000000000000000000000000000000000110110110110001111001000000000000000000000000000000000000000
0000000000000000000000000000000000000001101101101101011000111100000000000000000000000000000000000000
0000000000000000000000000000000000000011011011011011110101100010000000000000000000000000000000000000
0000000000000000000000000000000000000110110110110110001111010111000000000000000000000000000000000000
0000000000000000000000000000000000001101101101101101011000111100100000000000000000000000000000000000
0000000000000000000000000000000000011011011011011011110101100011110000000000000000000000000000000000
0000000000000000000000000000000000110110110110110110001111010110001000000000000000000000000000000000
0000000000000000000000000000000001101101101101101101011000111101011100000000000000000000000000000000
0000000000000000000000000000000011011011011011011011110101100011110010000000000000000000000000000000
0000000000000000000000000000000110110110110110110110001111010110001111000000000000000000000000000000
0000000000000000000000000000001101101101101101101101011000111101011000100000000000000000000000000000
0000000000000000000000000000011011011011011011011011110101100011110101110000000000000000000000000000
0000000000000000000000000000110110110110110110110110001111010110001111001000000000000000000000000000
0000000000000000000000000001101101101101101101101101011000111101011000111100000000000000000000000000
0000000000000000000000000011011011011011011011011011110101100011110101100010000000000000000000000000
0000000000000000000000000110110110110110110110110110001111010110001111010111000000000000000000000000
0000000000000000000000001101101101101101101101101101011000111101011000111100100000000000000000000000
0000000000000000000000011011011011011011011011011011110101100011110101100011110000000000000000000000
0000000000000000000000110110110110110110110110110110001111010110001111010110001000000000000000000000
0000000000000000000001101101101101101101101101101101011000111101011000111101011100000000000000000000
0000000000000000000011011011011011011011011011011011110101100011110101100011110010000000000000000000
0000000000000000000110110110110110110110110110110110001111010110001111010110001111000000000000000000
0000000000000000001101101101101101101101101101101101011000111101011000111101011000100000000000000000
0000000000000000011011011011011011011011011011011011110101100011110101100011110101110000000000000000
0000000000000000110110110110110110110110110110110110001111010110001111010110001111001000000000000000
0000000000000001101101101101101101101101101101101101011000111101011000111101011000111100000000000000
0000000000000011011011011011011011011011011011011011110101100011110101100011110101100010000000000000
0000000000000110110110110110110110110110110110110110001111010110001111010110001111010111000000000000
0000000000001101101101101101101101101101101101101101011000111101011000111101011000111100100000000000
0000000000011011011011011011011011011011011011011011110101100011110101100011110101100011110000000000
0000000000110110110110110110110110110110110110110110001111010110001111010110001111010110001000000000
0000000001101101101101101101101101101101101101101101011000111101011000111101011000111101011100000000
0000000011011011011011011011011011011011011011011011110101100011110101100011110101100011110010000000
0000000110110110110110110110110110110110110110110110001111010110001111010110001111010110001111000000
0000001101101101101101101101101101101101101101101101011000111101011000111101011000111101011000100000
0000011011011011011011011011011011011011011011011011110101100011110101100011110101100011110101110000
0000110110110110110110110110110110110110110110110110001111010110001111010110001111010110001111001000
0001101101101101101101101101101101101101101101101101011000111101011000111101011000111101011000111100
0011011011011011011011011011011011011011011011011011110101100011110101100011110101100011110101100010
0110110110110110110110110110110110110110110110110110001111010110001111010110001111010110001111010110
0101101101101101101101101101101101101101101101101101011000111101011000111101011000111101011000111100
0111011011011011011011011011011011011011011011011011110101100011110101100011110101100011110101100010
0100110110110110110110110110110110110110110110110110001111010110001111010110001111010110001111010110
0111101101101101101101101101101101101101101101101101011000111101011000111101011000111101011000111100
0100011011011011011011011011011011011011011011011011110101100011110101100011110101100011110101100010
0110110110110110110110110110110110110110110110110110001111010110001111010110001111010110001111010110
0101101101101101101101101101101101101101101101101101011000111101011000111101011000111101011000111100
0111011011011011011011011011011011011011011011011011110101100011110101100011110101100011110101100010
0100110110110110110110110110110110110110110110110110001111010110001111010110001111010110001111010110
0111101101101101101101101101101101101101101101101101011000111101011000111101011000111101011000111100
0100011011011011011011011011011011011011011011011011110101100011110101100011110101100011110101100010
0110110110110110110110110110110110110110110110110110001111010110001111010110001111010110001111010110
0101101101101101101101101101101101101101101101101101011000111101011000111101011000111101011000111100
0111011011011011011011011011011011011011011011011011110101100011110101100011110101100011110101100010
0100110110110110110110110110110110110110110110110110001111010110001111010110001111010110001111010110
0111101101101101101101101101101101101101101101101101011000111101011000111101011000111101011000111100
0100011011011011011011011011011011011011011011011011110101100011110101100011110101100011110101100010
0110110110110110110110110110110110110110110110110110001111010110001111010110001111010110001111010110
0101101101101101101101101101101101101101101101101101011000111101011000111101011000111101011000111100
0111011011011011011011011011011011011011011011011011110101100011110101100011110101100011110101100010
0100110110110110110110110110110110110110110110110110001111010110001111010110001111010110001111010110
0111101101101101101101101101101101101101101101101101011000111101011000111101011000111101011000111100
0100011011011011011011011011011011011011011011011011110101100011110101100011110101100011110101100010
0110110110110110110110110110110110110110110110110110001111010110001111010110001111010110001111010110
0101101101101101101101101101101101101101101101101101011000111101011000111101011000111101011000111100
0111011011011011011011011011011011011011011011011011110101100011110101100011110101100011110101100010
0100110110110110110110110110110110110110110110110110001111010110001111010110001111010110001111010110
0111101101101101101101101101101101101101101101101101011000111101011000111101011000111101011000111100
0100011011011011011011011011011011011011011011011011110101100011110101100011110101100011110101100010
0110110110110110110110110110110110110110110110110110001111010110001111010110001111010110001111010110
0101101101101101101101101101101101101101101101101101011000111101011000111101011000111101011000111100
0111011011011011011011011011011011011011011011011011110101100011110101100011110101100011110101100010
0100110110110110110110110110110110110110110110110110001111010110001111010110001111010110001111010110
0111101101101101101101101101101101101101101101101101011000111101011000111101011000111101011000111100
0100011011011011011011011011011011011011011011011011110101100011110101100011110101100011110101100010
0110110110110110110110110110110110110110110110110110001111010110001111010110001111010110001111010110
0101101101101101101101101101101101101101101101101101011000111101011000111101011000111101011000111100
0111011011011011011011011011011011011011011011011011110101100011110101100011110101100011110101100010
0100110110110110110110110110110110110110110110110110001111010110001111010110001111010110001111010110
0111101101101101101101101101101101101101101101101101011000111101011000111101011000111101011000111100
0100011011011011011011011011011011011011011011011011110101100011110101100011110101100011110101100010
0110110110110110110110110110110110110110110110110110001111010110001111010110001111010110001111010110
0101101101101101101101101101101101101101101101101101011000111101011000111101011000111101011000111100
0111011011011011011011011011011011011011011011011011110101100011110101100011110101100011110101100010
0100110110110110110110110110110110110110110110110110001111010110001111010110001111010110001111010110
0111101101101101101101101101101101101101101101101101011000111101011000111101011000111101011000111100
0100011011011011011011011011011011011011011011011011110101100011110101100011110101100011110101100010
0110110110110110110110110110110110110110110110110110001111010110001111010110001111010110001111010110
0101101101101101101101101101101101101101101101101101011000111101011000111101011000111101011000111100
0111011011011011011011011011011011011011011011011011110101100011110101100011110101100011110101100010
