0000000000000000000000000000000000000000000000000010000000000000000000000000000000000000000000000000
0111111111111111111111111111111111111111111111111100111111111111111111111111111111111111111111111110
0100000000000000000000000000000000000000000000000101100000000000000000000000000000000000000000000010
0001111111111111111111111111111111111111111111111011101111111111111111111111111111111111111111111100
0111000000000000000000000000000000000000000000001110111000000000000000000000000000000000000000000100
0101011111111111111111111111111111111111111111111011101011111111111111111111111111111111111111111000
0010110000000000000000000000000000000000000000001110110110000000000000000000000000000000000000001010
0101110111111111111111111111111111111111111111111011111110111111111111111111111111111111111111110100
0011011100000000000000000000000000000000000000001110000011100000000000000000000000000000000000011000
0111110101111111111111111111111111111111111111111010111110101111111111111111111111111111111111111010
0100011011000000000000000000000000000000000000001101100011011000000000000000000000000000000000001100
0001111111011111111111111111111111111111111111111111101111111011111111111111111111111111111111111100
0111000001110000000000000000000000000000000000000000111000001110000000000000000000000000000000000100
0101011111010111111111111111111111111111111111111111101011111010111111111111111111111111111111111000
0010110001101100000000000000000000000000000000000000110110001101100000000000000000000000000000001010
0101110111111101111111111111111111111111111111111111111110111111101111111111111111111111111111110100
0011011100000111000000000000000000000000000000000000000011100000111000000000000000000000000000011000
0111110101111101011111111111111111111111111111111111111110101111101011111111111111111111111111111010
0100011011000110110000000000000000000000000000000000000011011000110110000000000000000000000000001100
0001111111011111110111111111111111111111111111111111111111111011111110111111111111111111111111111100
0111000001110000011100000000000000000000000000000000000000001110000011100000000000000000000000000100
0101011111010111110101111111111111111111111111111111111111111010111110101111111111111111111111111000
0010110001101100011011000000000000000000000000000000000000001101100011011000000000000000000000001010
0101110111111101111111011111111111111111111111111111111111111111101111111011111111111111111111110100
0011011100000111000001110000000000000000000000000000000000000000111000001110000000000000000000011000
0111110101111101011111010111111111111111111111111111111111111111101011111010111111111111111111111010
0100011011000110110001101100000000000000000000000000000000000000110110001101100000000000000000001100
0001111111011111110111111101111111111111111111111111111111111111111110111111101111111111111111111100
0111000001110000011100000111000000000000000000000000000000000000000011100000111000000000000000000100
0101011111010111110101111101011111111111111111111111111111111111111110101111101011111111111111111000
0010110001101100011011000110110000000000000000000000000000000000000011011000110110000000000000001010
0101110111111101111111011111110111111111111111111111111111111111111111111011111110111111111111110100
0011011100000111000001110000011100000000000000000000000000000000000000001110000011100000000000011000
0111110101111101011111010111110101111111111111111111111111111111111111111010111110101111111111111010
0100011011000110110001101100011011000000000000000000000000000000000000001101100011011000000000001100
0001111111011111110111111101111111011111111111111111111111111111111111111111101111111011111111111100
0111000001110000011100000111000001110000000000000000000000000000000000000000111000001110000000000100
0101011111010111110101111101011111010111111111111111111111111111111111111111101011111010111111111000
0010110001101100011011000110110001101100000000000000000000000000000000000000110110001101100000001010
0101110111111101111111011111110111111101111111111111111111111111111111111111111110111111101111110100
0011011100000111000001110000011100000111000000000000000000000000000000000000000011100000111000011000
0111110101111101011111010111110101111101011111111111111111111111111111111111111110101111101011111010
0100011011000110110001101100011011000110110000000000000000000000000000000000000011011000110110001100
0001111111011111110111111101111111011111110111111111111111111111111111111111111111111011111110111100
0111000001110000011100000111000001110000011100000000000000000000000000000000000000001110000011100100
0101011111010111110101111101011111010111110101111111111111111111111111111111111111111010111110101000
0010110001101100011011000110110001101100011011000000000000000000000000000000000000001101100011010010
0101110111111101111111011111110111111101111111011111111111111111111111111111111111111111101111100100
0011011100000111000001110000011100000111000001110000000000000000000000000000000000000000111000101000
0111110101111101011111010111110101111101011111010111111111111111111111111111111111111111101011010010
0100011011000110110001101100011011000110110001101100000000000000000000000000000000000000110111100100
0001111111011111110111111101111111011111110111111101111111111111111111111111111111111111111100101000
0111000001110000011100000111000001110000011100000111000000000000000000000000000000000000000101010010
0101011111010111110101111101011111010111110101111101011111111111111111111111111111111111111010100100
0010110001101100011011000110110001101100011011000110110000000000000000000000000000000000001101001000
0101110111111101111111011111110111111101111111011111110111111111111111111111111111111111111110010010
0011011100000111000001110000011100000111000001110000011100000000000000000000000000000000000010100100
0111110101111101011111010111110101111101011111010111110101111111111111111111111111111111111101001000
0100011011000110110001101100011011000110110001101100011011000000000000000000000000000000000110010010
0001111111011111110111111101111111011111110111111101111111011111111111111111111111111111111110100100
0111000001110000011100000111000001110000011100000111000001110000000000000000000000000000000011001000
0101011111010111110101111101011111010111110101111101011111010111111111111111111111111111111111010010
0010110001101100011011000110110001101100011011000110110001101100000000000000000000000000000001100100
0101110111111101111111011111110111111101111111011111110111111101111111111111111111111111111111101000
0011011100000111000001110000011100000111000001110000011100000111000000000000000000000000000000110010
0111110101111101011111010111110101111101011111010111110101111101011111111111111111111111111111110100
0100011011000110110001101100011011000110110001101100011011000110110000000000000000000000000000011000
0001111111011111110111111101111111011111110111111101111111011111110111111111111111111111111111111010
0111000001110000011100000111000001110000011100000111000001110000011100000000000000000000000000001100
0101011111010111110101111101011111010111110101111101011111010111110101111111111111111111111111111100
0010110001101100011011000110110001101100011011000110110001101100011011000000000000000000000000000100
0101110111111101111111011111110111111101111111011111110111111101111111011111111111111111111111111000
0011011100000111000001110000011100000111000001110000011100000111000001110000000000000000000000001010
0111110101111101011111010111110101111101011111010111110101111101011111010111111111111111111111110100
0100011011000110110001101100011011000110110001101100011011000110110001101100000000000000000000011000
0001111111011111110111111101111111011111110111111101111111011111110111111101111111111111111111111010
0111000001110000011100000111000001110000011100000111000001110000011100000111000000000000000000001100
0101011111010111110101111101011111010111110101111101011111010111110101111101011111111111111111111100
0010110001101100011011000110110001101100011011000110110001101100011011000110110000000000000000000100
0101110111111101111111011111110111111101111111011111110111111101111111011111110111111111111111111000
0011011100000111000001110000011100000111000001110000011100000111000001110000011100000000000000001010
0111110101111101011111010111110101111101011111010111110101111101011111010111110101111111111111110100
0100011011000110110001101100011011000110110001101100011011000110110001101100011011000000000000011000
0001111111011111110111111101111111011111110111111101111111011111110111111101111111011111111111111010
0111000001110000011100000111000001110000011100000111000001110000011100000111000001110000000000001100
0101011111010111110101111101011111010111110101111101011111010111110101111101011111010111111111111100
0010110001101100011011000110110001101100011011000110110001101100011011000110110001101100000000000100
0101110111111101111111011111110111111101111111011111110111111101111111011111110111111101111111111000
0011011100000111000001110000011100000111000001110000011100000111000001110000011100000111000000001010
0111110101111101011111010111110101111101011111010111110101111101011111010111110101111101011111110100
0100011011000110110001101100011011000110110001101100011011000110110001101100011011000110110000011000
0001111111011111110111111101111111011111110111111101111111011111110111111101111111011111110111111010
0111000001110000011100000111000001110000011100000111000001110000011100000111000001110000011100001100
0101011111010111110101111101011111010111110101111101011111010111110101111101011111010111110101111100
0010110001101100011011000110110001101100011011000110110001101100011011000110110001101100011011000100
0101110111111101111111011111110111111101111111011111110111111101111111011111110111111101111111011000
0011011100000111000001110000011100000111000001110000011100000111000001110000011100000111000001111010
0111110101111101011111010111110101111101011111010111110101111101011111010111110101111101011111001100
0100011011000110110001101100011011000110110001101100011011000110110001101100011011000110110001011100
0001111111011111110111111101111111011111110111111101111111011111110111111101111111011111110110110100
