0000000000000000000000000000000000000000000000000010000000000000000000000000000000000000000000000000
0111111111111111111111111111111111111111111111111101111111111111111111111111111111111111111111111110
0100000000000000000000000000000000000000000000000111000000000000000000000000000000000000000000000010
0011111111111111111111111111111111111111111111111101111111111111111111111111111111111111111111111100
0110000000000000000000000000000000000000000000000111000000000000000000000000000000000000000000000110
0111111111111111111111111111111111111111111111111101111111111111111111111111111111111111111111111110
0100000000000000000000000000000000000000000000000111000000000000000000000000000000000000000000000010
0011111111111111111111111111111111111111111111111101111111111111111111111111111111111111111111111100
0110000000000000000000000000000000000000000000000111000000000000000000000000000000000000000000000110
0111111111111111111111111111111111111111111111111101111111111111111111111111111111111111111111111110
0100000000000000000000000000000000000000000000000111000000000000000000000000000000000000000000000010
0011111111111111111111111111111111111111111111111101111111111111111111111111111111111111111111111100
0110000000000000000000000000000000000000000000000111000000000000000000000000000000000000000000000110
0111111111111111111111111111111111111111111111111101111111111111111111111111111111111111111111111110
0100000000000000000000000000000000000000000000000111000000000000000000000000000000000000000000000010
0011111111111111111111111111111111111111111111111101111111111111111111111111111111111111111111111100
0110000000000000000000000000000000000000000000000111000000000000000000000000000000000000000000000110
0111111111111111111111111111111111111111111111111101111111111111111111111111111111111111111111111110
0100000000000000000000000000000000000000000000000111000000000000000000000000000000000000000000000010
0011111111111111111111111111111111111111111111111101111111111111111111111111111111111111111111111100
0110000000000000000000000000000000000000000000000111000000000000000000000000000000000000000000000110
0111111111111111111111111111111111111111111111111101111111111111111111111111111111111111111111111110
0100000000000000000000000000000000000000000000000111000000000000000000000000000000000000000000000010
0011111111111111111111111111111111111111111111111101111111111111111111111111111111111111111111111100
0110000000000000000000000000000000000000000000000111000000000000000000000000000000000000000000000110
0111111111111111111111111111111111111111111111111101111111111111111111111111111111111111111111111110
0100000000000000000000000000000000000000000000000111000000000000000000000000000000000000000000000010
0011111111111111111111111111111111111111111111111101111111111111111111111111111111111111111111111100
0110000000000000000000000000000000000000000000000111000000000000000000000000000000000000000000000110
0111111111111111111111111111111111111111111111111101111111111111111111111111111111111111111111111110
0100000000000000000000000000000000000000000000000111000000000000000000000000000000000000000000000010
0011111111111111111111111111111111111111111111111101111111111111111111111111111111111111111111111100
0110000000000000000000000000000000000000000000000111000000000000000000000000000000000000000000000110
0111111111111111111111111111111111111111111111111101111111111111111111111111111111111111111111111110
0100000000000000000000000000000000000000000000000111000000000000000000000000000000000000000000000010
0011111111111111111111111111111111111111111111111101111111111111111111111111111111111111111111111100
0110000000000000000000000000000000000000000000000111000000000000000000000000000000000000000000000110
0111111111111111111111111111111111111111111111111101111111111111111111111111111111111111111111111110
0100000000000000000000000000000000000000000000000111000000000000000000000000000000000000000000000010
0011111111111111111111111111111111111111111111111101111111111111111111111111111111111111111111111100
0110000000000000000000000000000000000000000000000111000000000000000000000000000000000000000000000110
0111111111111111111111111111111111111111111111111101111111111111111111111111111111111111111111111110
0100000000000000000000000000000000000000000000000111000000000000000000000000000000000000000000000010
0011111111111111111111111111111111111111111111111101111111111111111111111111111111111111111111111100
0110000000000000000000000000000000000000000000000111000000000000000000000000000000000000000000000110
0111111111111111111111111111111111111111111111111101111111111111111111111111111111111111111111111110
0100000000000000000000000000000000000000000000000111000000000000000000000000000000000000000000000010
0011111111111111111111111111111111111111111111111101111111111111111111111111111111111111111111111100
0110000000000000000000000000000000000000000000000111000000000000000000000000000000000000000000000110
0111111111111111111111111111111111111111111111111101111111111111111111111111111111111111111111111110
0100000000000000000000000000000000000000000000000111000000000000000000000000000000000000000000000010
0011111111111111111111111111111111111111111111111101111111111111111111111111111111111111111111111100
0110000000000000000000000000000000000000000000000111000000000000000000000000000000000000000000000110
0111111111111111111111111111111111111111111111111101111111111111111111111111111111111111111111111110
0100000000000000000000000000000000000000000000000111000000000000000000000000000000000000000000000010
0011111111111111111111111111111111111111111111111101111111111111111111111111111111111111111111111100
0110000000000000000000000000000000000000000000000111000000000000000000000000000000000000000000000110
0111111111111111111111111111111111111111111111111101111111111111111111111111111111111111111111111110
0100000000000000000000000000000000000000000000000111000000000000000000000000000000000000000000000010
0011111111111111111111111111111111111111111111111101111111111111111111111111111111111111111111111100
0110000000000000000000000000000000000000000000000111000000000000000000000000000000000000000000000110
0111111111111111111111111111111111111111111111111101111111111111111111111111111111111111111111111110
0100000000000000000000000000000000000000000000000111000000000000000000000000000000000000000000000010
0011111111111111111111111111111111111111111111111101111111111111111111111111111111111111111111111100
0110000000000000000000000000000000000000000000000111000000000000000000000000000000000000000000000110
0111111111111111111111111111111111111111111111111101111111111111111111111111111111111111111111111110
0100000000000000000000000000000000000000000000000111000000000000000000000000000000000000000000000010
0011111111111111111111111111111111111111111111111101111111111111111111111111111111111111111111111100
0110000000000000000000000000000000000000000000000111000000000000000000000000000000000000000000000110
0111111111111111111111111111111111111111111111111101111111111111111111111111111111111111111111111110
0100000000000000000000000000000000000000000000000111000000000000000000000000000000000000000000000010
0011111111111111111111111111111111111111111111111101111111111111111111111111111111111111111111111100
0110000000000000000000000000000000000000000000000111000000000000000000000000000000000000000000000110
0111111111111111111111111111111111111111111111111101111111111111111111111111111111111111111111111110
0100000000000000000000000000000000000000000000000111000000000000000000000000000000000000000000000010
0011111111111111111111111111111111111111111111111101111111111111111111111111111111111111111111111100
0110000000000000000000000000000000000000000000000111000000000000000000000000000000000000000000000110
0111111111111111111111111111111111111111111111111101111111111111111111111111111111111111111111111110
0100000000000000000000000000000000000000000000000111000000000000000000000000000000000000000000000010
0011111111111111111111111111111111111111111111111101111111111111111111111111111111111111111111111100
0110000000000000000000000000000000000000000000000111000000000000000000000000000000000000000000000110
0111111111111111111111111111111111111111111111111101111111111111111111111111111111111111111111111110
0100000000000000000000000000000000000000000000000111000000000000000000000000000000000000000000000010
0011111111111111111111111111111111111111111111111101111111111111111111111111111111111111111111111100
0110000000000000000000000000000000000000000000000111000000000000000000000000000000000000000000000110
0111111111111111111111111111111111111111111111111101111111111111111111111111111111111111111111111110
0100000000000000000000000000000000000000000000000111000000000000000000000000000000000000000000000010
0011111111111111111111111111111111111111111111111101111111111111111111111111111111111111111111111100
0110000000000000000000000000000000000000000000000111000000000000000000000000000000000000000000000110
0111111111111111111111111111111111111111111111111101111111111111111111111111111111111111111111111110
0100000000000000000000000000000000000000000000000111000000000000000000000000000000000000000000000010
0011111111111111111111111111111111111111111111111101111111111111111111111111111111111111111111111100
0110000000000000000000000000000000000000000000000111000000000000000000000000000000000000000000000110
0111111111111111111111111111111111111111111111111101111111111111111111111111111111111111111111111110
0100000000000000000000000000000000000000000000000111000000000000000000000000000000000000000000000010
0011111111111111111111111111111111111111111111111101111111111111111111111111111111111111111111111100
0110000000000000000000000000000000000000000000000111000000000000000000000000000000000000000000000110
0111111111111111111111111111111111111111111111111101111111111111111111111111111111111111111111111110
0100000000000000000000000000000000000000000000000111000000000000000000000000000000000000000000000010
0011111111111111111111111111111111111111111111111101111111111111111111111111111111111111111111111100
