0000000000000000000000000000000000000000000000000010000000000000000000000000000000000000000000000000
0000000000000000000000000000000000000000000000000110000000000000000000000000000000000000000000000000
0000000000000000000000000000000000000000000000001110000000000000000000000000000000000000000000000000
0000000000000000000000000000000000000000000000011010000000000000000000000000000000000000000000000000
0000000000000000000000000000000000000000000000111110000000000000000000000000000000000000000000000000
0000000000000000000000000000000000000000000001100010000000000000000000000000000000000000000000000000
0000000000000000000000000000000000000000000011100110000000000000000000000000000000000000000000000000
0000000000000000000000000000000000000000000110101110000000000000000000000000000000000000000000000000
0000000000000000000000000000000000000000001111111010000000000000000000000000000000000000000000000000
0000000000000000000000000000000000000000011000001110000000000000000000000000000000000000000000000000
0000000000000000000000000000000000000000111000011010000000000000000000000000000000000000000000000000
0000000000000000000000000000000000000001101000111110000000000000000000000000000000000000000000000000
0000000000000000000000000000000000000011111001100010000000000000000000000000000000000000000000000000
0000000000000000000000000000000000000110001011100110000000000000000000000000000000000000000000000000
0000000000000000000000000000000000001110011110101110000000000000000000000000000000000000000000000000
0000000000000000000000000000000000011010110011111010000000000000000000000000000000000000000000000000
0000000000000000000000000000000000111111110110001110000000000000000000000000000000000000000000000000
0000000000000000000000000000000001100000011110011010000000000000000000000000000000000000000000000000
0000000000000000000000000000000011100000110010111110000000000000000000000000000000000000000000000000
0000000000000000000000000000000110100001110111100010000000000000000000000000000000000000000000000000
0000000000000000000000000000001111100011011100100110000000000000000000000000000000000000000000000000
0000000000000000000000000000011000100111110101101110000000000000000000000000000000000000000000000000
0000000000000000000000000000111001101100011111111010000000000000000000000000000000000000000000000000
0000000000000000000000000001101011111100110000001110000000000000000000000000000000000000000000000000
0000000000000000000000000011111110000101110000011010000000000000000000000000000000000000000000000000
0000000000000000000000000110000010001111010000111110000000000000000000000000000000000000000000000000
0000000000000000000000001110000110011001110001100010000000000000000000000000000000000000000000000000
0000000000000000000000011010001110111011010011100110000000000000000000000000000000000000000000000000
0000000000000000000000111110011011101111110110101110000000000000000000000000000000000000000000000000
0000000000000000000001100010111110111000011111111010000000000000000000000000000000000000000000000000
0000000000000000000011100111100011101000110000001110000000000000000000000000000000000000000000000000
0000000000000000000110101100100110111001110000011010000000000000000000000000000000000000000000000000
0000000000000000001111111101101111101011010000111110000000000000000000000000000000000000000000000000
0000000000000000011000000111111000111111110001100010000000000000000000000000000000000000000000000000
0000000000000000111000001100001001100000010011100110000000000000000000000000000000000000000000000000
0000000000000001101000011100011011100000110110101110000000000000000000000000000000000000000000000000
0000000000000011111000110100111110100001111111111010000000000000000000000000000000000000000000000000
0000000000000110001001111101100011100011000000001110000000000000000000000000000000000000000000000000
0000000000001110011011000111100110100111000000011010000000000000000000000000000000000000000000000000
0000000000011010111111001100101111101101000000111110000000000000000000000000000000000000000000000000
0000000000111111100001011101111000111111000001100010000000000000000000000000000000000000000000000000
0000000001100000100011110111001001100001000011100110000000000000000000000000000000000000000000000000
0000000011100001100110011101011011100011000110101110000000000000000000000000000000000000000000000000
0000000110100011101110110111111110100111001111111010000000000000000000000000000000000000000000000000
0000001111100110111011111100000011101101011000001110000000000000000000000000000000000000000000000000
0000011000101111101110000100000110111111111000011010000000000000000000000000000000000000000000000000
0000111001111000111010001100001111100000001000111110000000000000000000000000000000000000000000000000
0001101011001001101110011100011000100000011001100010000000000000000000000000000000000000000000000000
0011111111011011111010110100111001100000111011100110000000000000000000000000000000000000000000000000
0110000001111110001111111101101011100001101110101110000000000000000000000000000000000000000000000000
0110000011000010011000000111111110100011111011111010000000000000000000000000000000000000000000000000
0110000111000110111000001100000011100110001110001110000000000000000000000000000000000000000000000000
0110001101001111101000011100000110101110011010011010000000000000000000000000000000000000000000000000
0110011111011000111000110100001111111010111110111110000000000000000000000000000000000000000000000000
0110110001111001101001111100011000001111100011100010000000000000000000000000000000000000000000000000
0111110011001011111011000100111000011000100110100110000000000000000000000000000000000000000000000000
0100010111011110001111001101101000111001101111101110000000000000000000000000000000000000000000000000
0100111101110010011001011111111001101011111000111010000000000000000000000000000000000000000000000000
0101100111010110111011110000001011111110001001101110000000000000000000000000000000000000000000000000
0111101101111111101110010000011110000010011011111010000000000000000000000000000000000000000000000000
0100111111000000111010110000110010000110111110001110000000000000000000000000000000000000000000000000
0101100001000001101111110001110110001111100010011010000000000000000000000000000000000000000000000000
0111100011000011111000010011011110011000100110111110000000000000000000000000000000000000000000000000
0100100111000110001000110111110010111001101111100010000000000000000000000000000000000000000000000000
0101101101001110011001111100010111101011111000100110000000000000000000000000000000000000000000000000
0111111111011010111011000100111100111110001001101110000000000000000000000000000000000000000000000000
0100000001111111101111001101100101100010011011111010000000000000000000000000000000000000000000000000
0100000011000000111001011111101111100110111110001110000000000000000000000000000000000000000000000000
0100000111000001101011110000111000101111100010011010000000000000000000000000000000000000000000000000
0100001101000011111110010001101001111000100110111110000000000000000000000000000000000000000000000000
0100011111000110000010110011111011001001101111100010000000000000000000000000000000000000000000000000
0100110001001110000111110110001111011011111000100110000000000000000000000000000000000000000000000000
0101110011011010001100011110011001111110001001101110000000000000000000000000000000000000000000000000
0111010111111110011100110010111011000010011011111010000000000000000000000000000000000000000000000000
0101111100000010110101110111101111000110111110001110000000000000000000000000000000000000000000000000
0111000100000111111111011100111001001111100010011010000000000000000000000000000000000000000000000000
0101001100001100000001110101101011011000100110111110000000000000000000000000000000000000000000000000
0111011100011100000011011111111111111001101111100010000000000000000000000000000000000000000000000000
0101110100110100000111110000000000001011111000100110000000000000000000000000000000000000000000000000
0111011101111100001100010000000000011110001001101110000000000000000000000000000000000000000000000000
0101110111000100011100110000000000110010011011111010000000000000000000000000000000000000000000000000
0111011101001100110101110000000001110110111110001110000000000000000000000000000000000000000000000000
0101110111011101111111010000000011011111100010011010000000000000000000000000000000000000000000000000
0111011101110111000001110000000111110000100110111110000000000000000000000000000000000000000000000000
0101110111011101000011010000001100010001101111100010000000000000000000000000000000000000000000000000
0111011101110111000111110000011100110011111000100110000000000000000000000000000000000000000000000000
0101110111011101001100010000110101110110001001101110000000000000000000000000000000000000000000000000
0111011101110111011100110001111111011110011011111010000000000000000000000000000000000000000000000000
0101110111011101110101110011000001110010111110001110000000000000000000000000000000000000000000000000
0111011101110111011111010111000011010111100010011010000000000000000000000000000000000000000000000000
0101110111011101110001111101000111111100100110111110000000000000000000000000000000000000000000000000
0111011101110111010011000111001100000101101111100010000000000000000000000000000000000000000000000000
0101110111011101110111001101011100001111111000100110000000000000000000000000000000000000000000000000
0111011101110111011101011111110100011000001001101110000000000000000000000000000000000000000000000000
0101110111011101110111110000011100111000011011111010000000000000000000000000000000000000000000000000
0111011101110111011100010000110101101000111110001110000000000000000000000000000000000000000000000000
0101110111011101110100110001111111111001100010011010000000000000000000000000000000000000000000000000
0111011101110111011101110011000000001011100110111110000000000000000000000000000000000000000000000000
0101110111011101110111010111000000011110101111100010000000000000000000000000000000000000000000000000
0111011101110111011101111101000000110011111000100110000000000000000000000000000000000000000000000000
