0000000000000000000000000000000000000000000000000010000000000000000000000000000000000000000000000000
0111111111111111111111111111111111111111111111111110111111111111111111111111111111111111111111111110
0100000000000000000000000000000000000000000000000011100000000000000000000000000000000000000000000010
0101111111111111111111111111111111111111111111111110101111111111111111111111111111111111111111111110
0111000000000000000000000000000000000000000000000011111000000000000000000000000000000000000000000010
0101011111111111111111111111111111111111111111111110001011111111111111111111111111111111111111111110
0111110000000000000000000000000000000000000000000010111110000000000000000000000000000000000000000010
0100010111111111111111111111111111111111111111111111100010111111111111111111111111111111111111111110
0101111100000000000000000000000000000000000000000000101111100000000000000000000000000000000000000010
0111000101111111111111111111111111111111111111111111111000101111111111111111111111111111111111111110
0101011111000000000000000000000000000000000000000000001011111000000000000000000000000000000000000010
0111110001011111111111111111111111111111111111111111111110001011111111111111111111111111111111111110
0100010111110000000000000000000000000000000000000000000010111110000000000000000000000000000000000010
0101111100010111111111111111111111111111111111111111111111100010111111111111111111111111111111111110
0111000101111100000000000000000000000000000000000000000000101111100000000000000000000000000000000010
0101011111000101111111111111111111111111111111111111111111111000101111111111111111111111111111111110
0111110001011111000000000000000000000000000000000000000000001011111000000000000000000000000000000010
0100010111110001011111111111111111111111111111111111111111111110001011111111111111111111111111111110
0101111100010111110000000000000000000000000000000000000000000010111110000000000000000000000000000010
0111000101111100010111111111111111111111111111111111111111111111100010111111111111111111111111111110
0101011111000101111100000000000000000000000000000000000000000000101111100000000000000000000000000010
0111110001011111000101111111111111111111111111111111111111111111111000101111111111111111111111111110
0100010111110001011111000000000000000000000000000000000000000000001011111000000000000000000000000010
0101111100010111110001011111111111111111111111111111111111111111111110001011111111111111111111111110
0111000101111100010111110000000000000000000000000000000000000000000010111110000000000000000000000010
0101011111000101111100010111111111111111111111111111111111111111111111100010111111111111111111111110
0111110001011111000101111100000000000000000000000000000000000000000000101111100000000000000000000010
0100010111110001011111000101111111111111111111111111111111111111111111111000101111111111111111111110
0101111100010111110001011111000000000000000000000000000000000000000000001011111000000000000000000010
0111000101111100010111110001011111111111111111111111111111111111111111111110001011111111111111111110
0101011111000101111100010111110000000000000000000000000000000000000000000010111110000000000000000010
0111110001011111000101111100010111111111111111111111111111111111111111111111100010111111111111111110
0100010111110001011111000101111100000000000000000000000000000000000000000000101111100000000000000010
0101111100010111110001011111000101111111111111111111111111111111111111111111111000101111111111111110
0111000101111100010111110001011111000000000000000000000000000000000000000000001011111000000000000010
0101011111000101111100010111110001011111111111111111111111111111111111111111111110001011111111111110
0111110001011111000101111100010111110000000000000000000000000000000000000000000010111110000000000010
0100010111110001011111000101111100010111111111111111111111111111111111111111111111100010111111111110
0101111100010111110001011111000101111100000000000000000000000000000000000000000000101111100000000010
0111000101111100010111110001011111000101111111111111111111111111111111111111111111111000101111111110
0101011111000101111100010111110001011111000000000000000000000000000000000000000000001011111000000010
0111110001011111000101111100010111110001011111111111111111111111111111111111111111111110001011111110
0100010111110001011111000101111100010111110000000000000000000000000000000000000000000010111110000010
0101111100010111110001011111000101111100010111111111111111111111111111111111111111111111100010111110
0111000101111100010111110001011111000101111100000000000000000000000000000000000000000000101111100010
0101011111000101111100010111110001011111000101111111111111111111111111111111111111111111111000101110
0111110001011111000101111100010111110001011111000000000000000000000000000000000000000000001011111010
0100010111110001011111000101111100010111110001011111111111111111111111111111111111111111111110001110
0101111100010111110001011111000101111100010111110000000000000000000000000000000000000000000010111010
0111000101111100010111110001011111000101111100010111111111111111111111111111111111111111111111101110
0101011111000101111100010111110001011111000101111100000000000000000000000000000000000000000000111010
0111110001011111000101111100010111110001011111000101111111111111111111111111111111111111111111101110
0100010111110001011111000101111100010111110001011111000000000000000000000000000000000000000000111010
0101111100010111110001011111000101111100010111110001011111111111111111111111111111111111111111101110
0111000101111100010111110001011111000101111100010111110000000000000000000000000000000000000000111010
0101011111000101111100010111110001011111000101111100010111111111111111111111111111111111111111101110
0111110001011111000101111100010111110001011111000101111100000000000000000000000000000000000000111010
0100010111110001011111000101111100010111110001011111000101111111111111111111111111111111111111101110
0101111100010111110001011111000101111100010111110001011111000000000000000000000000000000000000111010
0111000101111100010111110001011111000101111100010111110001011111111111111111111111111111111111101110
0101011111000101111100010111110001011111000101111100010111110000000000000000000000000000000000111010
0111110001011111000101111100010111110001011111000101111100010111111111111111111111111111111111101110
0100010111110001011111000101111100010111110001011111000101111100000000000000000000000000000000111010
0101111100010111110001011111000101111100010111110001011111000101111111111111111111111111111111101110
0111000101111100010111110001011111000101111100010111110001011111000000000000000000000000000000111010
0101011111000101111100010111110001011111000101111100010111110001011111111111111111111111111111101110
0111110001011111000101111100010111110001011111000101111100010111110000000000000000000000000000111010
0100010111110001011111000101111100010111110001011111000101111100010111111111111111111111111111101110
0101111100010111110001011111000101111100010111110001011111000101111100000000000000000000000000111010
0111000101111100010111110001011111000101111100010111110001011111000101111111111111111111111111101110
0101011111000101111100010111110001011111000101111100010111110001011111000000000000000000000000111010
0111110001011111000101111100010111110001011111000101111100010111110001011111111111111111111111101110
0100010111110001011111000101111100010111110001011111000101111100010111110000000000000000000000111010
0101111100010111110001011111000101111100010111110001011111000101111100010111111111111111111111101110
0111000101111100010111110001011111000101111100010111110001011111000101111100000000000000000000111010
0101011111000101111100010111110001011111000101111100010111110001011111000101111111111111111111101110
0111110001011111000101111100010111110001011111000101111100010111110001011111000000000000000000111010
0100010111110001011111000101111100010111110001011111000101111100010111110001011111111111111111101110
0101111100010111110001011111000101111100010111110001011111000101111100010111110000000000000000111010
0111000101111100010111110001011111000101111100010111110001011111000101111100010111111111111111101110
0101011111000101111100010111110001011111000101111100010111110001011111000101111100000000000000111010
0111110001011111000101111100010111110001011111000101111100010111110001011111000101111111111111101110
0100010111110001011111000101111100010111110001011111000101111100010111110001011111000000000000111010
0101111100010111110001011111000101111100010111110001011111000101111100010111110001011111111111101110
0111000101111100010111110001011111000101111100010111110001011111000101111100010111110000000000111010
0101011111000101111100010111110001011111000101111100010111110001011111000101111100010111111111101110
0111110001011111000101111100010111110001011111000101111100010111110001011111000101111100000000111010
0100010111110001011111000101111100010111110001011111000101111100010111110001011111000101111111101110
0101111100010111110001011111000101111100010111110001011111000101111100010111110001011111000000111010
0111000101111100010111110001011111000101111100010111110001011111000101111100010111110001011111101110
0101011111000101111100010111110001011111000101111100010111110001011111000101111100010111110000111010
0111110001011111000101111100010111110001011111000101111100010111110001011111000101111100010111101110
0100010111110001011111000101111100010111110001011111000101111100010111110001011111000101111100111010
0101111100010111110001011111000101111100010111110001011111000101111100010111110001011111000101101110
0111000101111100010111110001011111000101111100010111110001011111000101111100010111110001011111111010
0101011111000101111100010111110001011111000101111100010111110001011111000101111100010111110000001110
0111110001011111000101111100010111110001011111000101111100010111110001011111000101111100010111111010
0100010111110001011111000101111100010111110001011111000101111100010111110001011111000101111100001110
0101111100010111110001011111000101111100010111110001011111000101111100010111110001011111000101111010
0111000101111100010111110001011111000101111100010111110001011111000101111100010111110001011111001110
