0000000000000000000000000000000000000000000000000010000000000000000000000000000000000000000000000000
0000000000000000000000000000000000000000000000000111000000000000000000000000000000000000000000000000
0000000000000000000000000000000000000000000000001101100000000000000000000000000000000000000000000000
0000000000000000000000000000000000000000000000011111110000000000000000000000000000000000000000000000
0000000000000000000000000000000000000000000000110000011000000000000000000000000000000000000000000000
0000000000000000000000000000000000000000000001111000111100000000000000000000000000000000000000000000
0000000000000000000000000000000000000000000011001101100110000000000000000000000000000000000000000000
0000000000000000000000000000000000000000000111111111111111000000000000000000000000000000000000000000
0000000000000000000000000000000000000000001100000000000001100000000000000000000000000000000000000000
0000000000000000000000000000000000000000011110000000000011110000000000000000000000000000000000000000
0000000000000000000000000000000000000000110011000000000110011000000000000000000000000000000000000000
0000000000000000000000000000000000000001111111100000001111111100000000000000000000000000000000000000
0000000000000000000000000000000000000011000000110000011000000110000000000000000000000000000000000000
0000000000000000000000000000000000000111100001111000111100001111000000000000000000000000000000000000
0000000000000000000000000000000000001100110011001101100110011001100000000000000000000000000000000000
0000000000000000000000000000000000011111111111111111111111111111110000000000000000000000000000000000
0000000000000000000000000000000000110000000000000000000000000000011000000000000000000000000000000000
0000000000000000000000000000000001111000000000000000000000000000111100000000000000000000000000000000
0000000000000000000000000000000011001100000000000000000000000001100110000000000000000000000000000000
0000000000000000000000000000000111111110000000000000000000000011111111000000000000000000000000000000
0000000000000000000000000000001100000011000000000000000000000110000001100000000000000000000000000000
0000000000000000000000000000011110000111100000000000000000001111000011110000000000000000000000000000
0000000000000000000000000000110011001100110000000000000000011001100110011000000000000000000000000000
0000000000000000000000000001111111111111111000000000000000111111111111111100000000000000000000000000
0000000000000000000000000011000000000000001100000000000001100000000000000110000000000000000000000000
0000000000000000000000000111100000000000011110000000000011110000000000001111000000000000000000000000
0000000000000000000000001100110000000000110011000000000110011000000000011001100000000000000000000000
0000000000000000000000011111111000000001111111100000001111111100000000111111110000000000000000000000
0000000000000000000000110000001100000011000000110000011000000110000001100000011000000000000000000000
0000000000000000000001111000011110000111100001111000111100001111000011110000111100000000000000000000
0000000000000000000011001100110011001100110011001101100110011001100110011001100110000000000000000000
0000000000000000000111111111111111111111111111111111111111111111111111111111111111000000000000000000
0000000000000000001100000000000000000000000000000000000000000000000000000000000001100000000000000000
0000000000000000011110000000000000000000000000000000000000000000000000000000000011110000000000000000
0000000000000000110011000000000000000000000000000000000000000000000000000000000110011000000000000000
0000000000000001111111100000000000000000000000000000000000000000000000000000001111111100000000000000
0000000000000011000000110000000000000000000000000000000000000000000000000000011000000110000000000000
0000000000000111100001111000000000000000000000000000000000000000000000000000111100001111000000000000
0000000000001100110011001100000000000000000000000000000000000000000000000001100110011001100000000000
0000000000011111111111111110000000000000000000000000000000000000000000000011111111111111110000000000
0000000000110000000000000011000000000000000000000000000000000000000000000110000000000000011000000000
0000000001111000000000000111100000000000000000000000000000000000000000001111000000000000111100000000
0000000011001100000000001100110000000000000000000000000000000000000000011001100000000001100110000000
0000000111111110000000011111111000000000000000000000000000000000000000111111110000000011111111000000
0000001100000011000000110000001100000000000000000000000000000000000001100000011000000110000001100000
0000011110000111100001111000011110000000000000000000000000000000000011110000111100001111000011110000
0000110011001100110011001100110011000000000000000000000000000000000110011001100110011001100110011000
0001111111111111111111111111111111100000000000000000000000000000001111111111111111111111111111111100
0011000000000000000000000000000000110000000000000000000000000000011000000000000000000000000000000110
0111100000000000000000000000000001111000000000000000000000000000111100000000000000000000000000001110
0100110000000000000000000000000011001100000000000000000000000001100110000000000000000000000000011010
0111111000000000000000000000000111111110000000000000000000000011111111000000000000000000000000111110
0100001100000000000000000000001100000011000000000000000000000110000001100000000000000000000001100010
0110011110000000000000000000011110000111100000000000000000001111000011110000000000000000000011110110
0111110011000000000000000000110011001100110000000000000000011001100110011000000000000000000110011110
0100011111100000000000000001111111111111111000000000000000111111111111111100000000000000001111110010
0110110000110000000000000011000000000000001100000000000001100000000000000110000000000000011000011110
0111111001111000000000000111100000000000011110000000000011110000000000001111000000000000111100110010
0100001111001100000000001100110000000000110011000000000110011000000000011001100000000001100111111110
0110011001111110000000011111111000000001111111100000001111111100000000111111110000000011111100000010
0111111111000011000000110000001100000011000000110000011000000110000001100000011000000110000110000110
0100000001100111100001111000011110000111100001111000111100001111000011110000111100001111001111001110
0110000011111100110011001100110011001100110011001101100110011001100110011001100110011001111001111010
0111000110000111111111111111111111111111111111111111111111111111111111111111111111111111001111001110
0101101111001100000000000000000000000000000000000000000000000000000000000000000000000001111001111010
0111111001111110000000000000000000000000000000000000000000000000000000000000000000000011001111001110
0100001111000011000000000000000000000000000000000000000000000000000000000000000000000111111001111010
0110011001100111100000000000000000000000000000000000000000000000000000000000000000001100001111001110
0111111111111100110000000000000000000000000000000000000000000000000000000000000000011110011001111010
0100000000000111111000000000000000000000000000000000000000000000000000000000000000110011111111001110
0110000000001100001100000000000000000000000000000000000000000000000000000000000001111110000001111010
0111000000011110011110000000000000000000000000000000000000000000000000000000000011000011000011001110
0101100000110011110011000000000000000000000000000000000000000000000000000000000111100111100111111010
0111110001111110011111100000000000000000000000000000000000000000000000000000001100111100111100001110
0100011011000011110000110000000000000000000000000000000000000000000000000000011111100111100110011010
0110111111100110011001111000000000000000000000000000000000000000000000000000110000111100111111111110
0111100000111111111111001100000000000000000000000000000000000000000000000001111001100111100000000010
0100110001100000000001111110000000000000000000000000000000000000000000000011001111111100110000000110
0111111011110000000011000011000000000000000000000000000000000000000000000111111000000111111000001110
0100001110011000000111100111100000000000000000000000000000000000000000001100001100001100001100011010
0110011011111100001100111100110000000000000000000000000000000000000000011110011110011110011110111110
0111111110000110011111100111111000000000000000000000000000000000000000110011110011110011110011100010
0100000011001111110000111100001100000000000000000000000000000000000001111110011110011110011110110110
0110000111111000011001100110011110000000000000000000000000000000000011000011110011110011110011111110
0111001100001100111111111111110011000000000000000000000000000000000111100110011110011110011110000010
0101111110011111100000000000011111100000000000000000000000000000001100111111110011110011110011000110
0111000011110000110000000000110000110000000000000000000000000000011111100000011110011110011111101110
0101100110011001111000000001111001111000000000000000000000000000110000110000110011110011110000111010
0111111111111111001100000011001111001100000000000000000000000001111001111001111110011110011001101110
0100000000000001111110000111111001111110000000000000000000000011001111001111000011110011111111111010
0110000000000011000011001100001111000011000000000000000000000111111001111001100110011110000000001110
0111000000000111100111111110011001100111100000000000000000001100001111001111111111110011000000011010
0101100000001100111100000011111111111100110000000000000000011110011001111000000000011111100000111110
0111110000011111100110000110000000000111111000000000000000110011111111001100000000110000110001100010
0100011000110000111111001111000000001100001100000000000001111110000001111110000001111001111011110110
0110111101111001100001111001100000011110011110000000000011000011000011000011000011001111001110011110
0111100111001111110011001111110000110011110011000000000111100111100111100111100111111001111011110010
0100111101111000011111111000011001111110011111100000001100111100111100111100111100001111001110011110
0111100111001100110000001100111111000011110000110000011111100111100111100111100110011001111011110010
0100111101111111111000011111100001100110011001111000110000111100111100111100111111111111001110011110
