0000000000000000000000000000000000000000000000000010000000000000000000000000000000000000000000000000
0111111111111111111111111111111111111111111111111010111111111111111111111111111111111111111111111110
0000000000000000000000000000000000000000000000001010000000000000000000000000000000000000000000000010
0111111111111111111111111111111111111111111111101010111111111111111111111111111111111111111111111010
0000000000000000000000000000000000000000000000101010000000000000000000000000000000000000000000001010
0111111111111111111111111111111111111111111110101010111111111111111111111111111111111111111111101010
0000000000000000000000000000000000000000000010101010000000000000000000000000000000000000000000101010
0111111111111111111111111111111111111111111010101010111111111111111111111111111111111111111110101010
0000000000000000000000000000000000000000001010101010000000000000000000000000000000000000000010101010
0111111111111111111111111111111111111111101010101010111111111111111111111111111111111111111010101010
0000000000000000000000000000000000000000101010101010000000000000000000000000000000000000001010101010
0111111111111111111111111111111111111110101010101010111111111111111111111111111111111111101010101010
0000000000000000000000000000000000000010101010101010000000000000000000000000000000000000101010101010
0111111111111111111111111111111111111010101010101010111111111111111111111111111111111110101010101010
0000000000000000000000000000000000001010101010101010000000000000000000000000000000000010101010101010
0111111111111111111111111111111111101010101010101010111111111111111111111111111111111010101010101010
0000000000000000000000000000000000101010101010101010000000000000000000000000000000001010101010101010
0111111111111111111111111111111110101010101010101010111111111111111111111111111111101010101010101010
0000000000000000000000000000000010101010101010101010000000000000000000000000000000101010101010101010
0111111111111111111111111111111010101010101010101010111111111111111111111111111110101010101010101010
0000000000000000000000000000001010101010101010101010000000000000000000000000000010101010101010101010
0111111111111111111111111111101010101010101010101010111111111111111111111111111010101010101010101010
0000000000000000000000000000101010101010101010101010000000000000000000000000001010101010101010101010
0111111111111111111111111110101010101010101010101010111111111111111111111111101010101010101010101010
0000000000000000000000000010101010101010101010101010000000000000000000000000101010101010101010101010
0111111111111111111111111010101010101010101010101010111111111111111111111110101010101010101010101010
0000000000000000000000001010101010101010101010101010000000000000000000000010101010101010101010101010
0111111111111111111111101010101010101010101010101010111111111111111111111010101010101010101010101010
0000000000000000000000101010101010101010101010101010000000000000000000001010101010101010101010101010
0111111111111111111110101010101010101010101010101010111111111111111111101010101010101010101010101010
0000000000000000000010101010101010101010101010101010000000000000000000101010101010101010101010101010
0111111111111111111010101010101010101010101010101010111111111111111110101010101010101010101010101010
0000000000000000001010101010101010101010101010101010000000000000000010101010101010101010101010101010
0111111111111111101010101010101010101010101010101010111111111111111010101010101010101010101010101010
0000000000000000101010101010101010101010101010101010000000000000001010101010101010101010101010101010
0111111111111110101010101010101010101010101010101010111111111111101010101010101010101010101010101010
0000000000000010101010101010101010101010101010101010000000000000101010101010101010101010101010101010
0111111111111010101010101010101010101010101010101010111111111110101010101010101010101010101010101010
0000000000001010101010101010101010101010101010101010000000000010101010101010101010101010101010101010
0111111111101010101010101010101010101010101010101010111111111010101010101010101010101010101010101010
0000000000101010101010101010101010101010101010101010000000001010101010101010101010101010101010101010
0111111110101010101010101010101010101010101010101010111111101010101010101010101010101010101010101010
0000000010101010101010101010101010101010101010101010000000101010101010101010101010101010101010101010
0111111010101010101010101010101010101010101010101010111110101010101010101010101010101010101010101010
0000001010101010101010101010101010101010101010101010000010101010101010101010101010101010101010101010
0111101010101010101010101010101010101010101010101010111010101010101010101010101010101010101010101010
0000101010101010101010101010101010101010101010101010001010101010101010101010101010101010101010101010
0110101010101010101010101010101010101010101010101010101010101010101010101010101010101010101010101010
0010101010101010101010101010101010101010101010101010101010101010101010101010101010101010101010101010
0010101010101010101010101010101010101010101010101010101010101010101010101010101010101010101010101010
0010101010101010101010101010101010101010101010101010101010101010101010101010101010101010101010101010
0010101010101010101010101010101010101010101010101010101010101010101010101010101010101010101010101010
0010101010101010101010101010101010101010101010101010101010101010101010101010101010101010101010101010
0010101010101010101010101010101010101010101010101010101010101010101010101010101010101010101010101010
0010101010101010101010101010101010101010101010101010101010101010101010101010101010101010101010101010
0010101010101010101010101010101010101010101010101010101010101010101010101010101010101010101010101010
0010101010101010101010101010101010101010101010101010101010101010101010101010101010101010101010101010
0010101010101010101010101010101010101010101010101010101010101010101010101010101010101010101010101010
0010101010101010101010101010101010101010101010101010101010101010101010101010101010101010101010101010
0010101010101010101010101010101010101010101010101010101010101010101010101010101010101010101010101010
0010101010101010101010101010101010101010101010101010101010101010101010101010101010101010101010101010
0010101010101010101010101010101010101010101010101010101010101010101010101010101010101010101010101010
0010101010101010101010101010101010101010101010101010101010101010101010101010101010101010101010101010
0010101010101010101010101010101010101010101010101010101010101010101010101010101010101010101010101010
0010101010101010101010101010101010101010101010101010101010101010101010101010101010101010101010101010
0010101010101010101010101010101010101010101010101010101010101010101010101010101010101010101010101010
0010101010101010101010101010101010101010101010101010101010101010101010101010101010101010101010101010
0010101010101010101010101010101010101010101010101010101010101010101010101010101010101010101010101010
0010101010101010101010101010101010101010101010101010101010101010101010101010101010101010101010101010
0010101010101010101010101010101010101010101010101010101010101010101010101010101010101010101010101010
0010101010101010101010101010101010101010101010101010101010101010101010101010101010101010101010101010
0010101010101010101010101010101010101010101010101010101010101010101010101010101010101010101010101010
0010101010101010101010101010101010101010101010101010101010101010101010101010101010101010101010101010
0010101010101010101010101010101010101010101010101010101010101010101010101010101010101010101010101010
0010101010101010101010101010101010101010101010101010101010101010101010101010101010101010101010101010
0010101010101010101010101010101010101010101010101010101010101010101010101010101010101010101010101010
0010101010101010101010101010101010101010101010101010101010101010101010101010101010101010101010101010
0010101010101010101010101010101010101010101010101010101010101010101010101010101010101010101010101010
0010101010101010101010101010101010101010101010101010101010101010101010101010101010101010101010101010
0010101010101010101010101010101010101010101010101010101010101010101010101010101010101010101010101010
0010101010101010101010101010101010101010101010101010101010101010101010101010101010101010101010101010
0010101010101010101010101010101010101010101010101010101010101010101010101010101010101010101010101010
0010101010101010101010101010101010101010101010101010101010101010101010101010101010101010101010101010
0010101010101010101010101010101010101010101010101010101010101010101010101010101010101010101010101010
0010101010101010101010101010101010101010101010101010101010101010101010101010101010101010101010101010
0010101010101010101010101010101010101010101010101010101010101010101010101010101010101010101010101010
0010101010101010101010101010101010101010101010101010101010101010101010101010101010101010101010101010
0010101010101010101010101010101010101010101010101010101010101010101010101010101010101010101010101010
0010101010101010101010101010101010101010101010101010101010101010101010101010101010101010101010101010
0010101010101010101010101010101010101010101010101010101010101010101010101010101010101010101010101010
0010101010101010101010101010101010101010101010101010101010101010101010101010101010101010101010101010
0010101010101010101010101010101010101010101010101010101010101010101010101010101010101010101010101010
0010101010101010101010101010101010101010101010101010101010101010101010101010101010101010101010101010
0010101010101010101010101010101010101010101010101010101010101010101010101010101010101010101010101010
0010101010101010101010101010101010101010101010101010101010101010101010101010101010101010101010101010
0010101010101010101010101010101010101010101010101010101010101010101010101010101010101010101010101010
0010101010101010101010101010101010101010101010101010101010101010101010101010101010101010101010101010
0010101010101010101010101010101010101010101010101010101010101010101010101010101010101010101010101010
0010101010101010101010101010101010101010101010101010101010101010101010101010101010101010101010101010
0010101010101010101010101010101010101010101010101010101010101010101010101010101010101010101010101010
