0000000000000000000000000000000000000000000000000010000000000000000000000000000000000000000000000000
0111111111111111111111111111111111111111111111111001111111111111111111111111111111111111111111111110
0011111111111111111111111111111111111111111111110100111111111111111111111111111111111111111111111100
0001111111111111111111111111111111111111111111100010011111111111111111111111111111111111111111111010
0100111111111111111111111111111111111111111111011001001111111111111111111111111111111111111111110000
0010011111111111111111111111111111111111111110000100100111111111111111111111111111111111111111101110
0001001111111111111111111111111111111111111101110010010011111111111111111111111111111111111111000100
0100100111111111111111111111111111111111111000101001001001111111111111111111111111111111111110110010
0010010011111111111111111111111111111111110110000100100100111111111111111111111111111111111100001000
0001001001111111111111111111111111111111100001110010010010011111111111111111111111111111111011100110
0100100100111111111111111111111111111111011100101001001001001111111111111111111111111111110001010000
0010010010011111111111111111111111111110001010000100100100100111111111111111111111111111101100001110
0001001001001111111111111111111111111101100001110010010010010011111111111111111111111111000011100100
0100100100100111111111111111111111111000011100101001001001001001111111111111111111111110111001010010
0010010010010011111111111111111111110111001010000100100100100100111111111111111111111100010100001000
0001001001001001111111111111111111100010100001110010010010010010011111111111111111111011000011100110
0100100100100100111111111111111111011000011100101001001001001001001111111111111111110000111001010000
0010010010010010011111111111111110000111001010000100100100100100100111111111111111101110010100001110
0001001001001001001111111111111101110010100001110010010010010010010011111111111111000101000011100100
0100100100100100100111111111111000101000011100101001001001001001001001111111111110110000111001010010
0010010010010010010011111111110110000111001010000100100100100100100100111111111100001110010100001000
0001001001001001001001111111100001110010100001110010010010010010010010011111111011100101000011100110
0100100100100100100100111111011100101000011100101001001001001001001001001111110001010000111001010000
0010010010010010010010011110001010000111001010000100100100100100100100100111101100001110010100001110
0001001001001001001001001101100001110010100001110010010010010010010010010011000011100101000011100100
0100100100100100100100100000011100101000011100101001001001001001001001001000111001010000111001010010
0010010010010010010010011111001010000111001010000100100100100100100100100110010100001110010100001000
0001001001001001001001001110100001110010100001110010010010010010010010010001000011100101000011100110
0100100100100100100100100100011100101000011100101001001001001001001001001100111001010000111001010000
0010010010010010010010010011001010000111001010000100100100100100100100100010010100001110010100001110
0001001001001001001001001000100001110010100001110010010010010010010010011001000011100101000011100100
0100100100100100100100100110011100101000011100101001001001001001001001000100111001010000111001010010
0010010010010010010010010001001010000111001010000100100100100100100100110010010100001110010100001000
0001001001001001001001001100100001110010100001110010010010010010010010001001000011100101000011100110
0100100100100100100100100010011100101000011100101001001001001001001001100100111001010000111001010000
0010010010010010010010011001001010000111001010000100100100100100100100010010010100001110010100001110
0001001001001001001001000100100001110010100001110010010010010010010011001001000011100101000011100100
0100100100100100100100110010011100101000011100101001001001001001001000100100111001010000111001010010
0010010010010010010010001001001010000111001010000100100100100100100110010010010100001110010100001000
0001001001001001001001100100100001110010100001110010010010010010010001001001000011100101000011100110
0100100100100100100100010010011100101000011100101001001001001001001100100100111001010000111001010000
0010010010010010010011001001001010000111001010000100100100100100100010010010010100001110010100001110
0001001001001001001000100100100001110010100001110010010010010010011001001001000011100101000011100100
0100100100100100100110010010011100101000011100101001001001001001000100100100111001010000111001010010
0010010010010010010001001001001010000111001010000100100100100100110010010010010100001110010100001000
0001001001001001001100100100100001110010100001110010010010010010001001001001000011100101000011100110
0100100100100100100010010010011100101000011100101001001001001001100100100100111001010000111001010000
0010010010010010011001001001001010000111001010000100100100100100010010010010010100001110010100001110
0001001001001001000100100100100001110010100001110010010010010011001001001001000011100101000011100100
0100100100100100110010010010011100101000011100101001001001001000100100100100111001010000111001010010
0010010010010010001001001001001010000111001010000100100100100110010010010010010100001110010100001000
0001001001001001100100100100100001110010100001110010010010010001001001001001000011100101000011100110
0100100100100100010010010010011100101000011100101001001001001100100100100100111001010000111001010000
0010010010010011001001001001001010000111001010000100100100100010010010010010010100001110010100001110
0001001001001000100100100100100001110010100001110010010010011001001001001001000011100101000011100100
0100100100100110010010010010011100101000011100101001001001000100100100100100111001010000111001010010
0010010010010001001001001001001010000111001010000100100100110010010010010010010100001110010100001000
0001001001001100100100100100100001110010100001110010010010001001001001001001000011100101000011100110
0100100100100010010010010010011100101000011100101001001001100100100100100100111001010000111001010000
0010010010011001001001001001001010000111001010000100100100010010010010010010010100001110010100001110
0001001001000100100100100100100001110010100001110010010011001001001001001001000011100101000011100100
0100100100110010010010010010011100101000011100101001001000100100100100100100111001010000111001010010
0010010010001001001001001001001010000111001010000100100110010010010010010010010100001110010100001000
0001001001100100100100100100100001110010100001110010010001001001001001001001000011100101000011100110
0100100100010010010010010010011100101000011100101001001100100100100100100100111001010000111001010000
0010010011001001001001001001001010000111001010000100100010010010010010010010010100001110010100001110
0001001000100100100100100100100001110010100001110010011001001001001001001001000011100101000011100100
0100100110010010010010010010011100101000011100101001000100100100100100100100111001010000111001010010
0010010001001001001001001001001010000111001010000100110010010010010010010010010100001110010100001000
0001001100100100100100100100100001110010100001110010001001001001001001001001000011100101000011100110
0100100010010010010010010010011100101000011100101001100100100100100100100100111001010000111001010000
0010011001001001001001001001001010000111001010000100010010010010010010010010010100001110010100001110
0001000100100100100100100100100001110010100001110011001001001001001001001001000011100101000011100100
0100110010010010010010010010011100101000011100101000100100100100100100100100111001010000111001010010
0010001001001001001001001001001010000111001010000110010010010010010010010010010100001110010100001000
0001100100100100100100100100100001110010100001110001001001001001001001001001000011100101000011100110
0100010010010010010010010010011100101000011100101100100100100100100100100100111001010000111001010000
0011001001001001001001001001001010000111001010000010010010010010010010010010010100001110010100001110
0000100100100100100100100100100001110010100001111001001001001001001001001001000011100101000011100100
0110010010010010010010010010011100101000011100110100100100100100100100100100111001010000111001010010
0001001001001001001001001001001010000111001010000010010010010010010010010010010100001110010100001000
0100100100100100100100100100100001110010100001111001001001001001001001001001000011100101000011100110
0010010010010010010010010010011100101000011100110100100100100100100100100100111001010000111001010000
0001001001001001001001001001001010000111001010000010010010010010010010010010010100001110010100001110
0100100100100100100100100100100001110010100001111001001001001001001001001001000011100101000011100100
0010010010010010010010010010011100101000011100110100100100100100100100100100111001010000111001010010
0001001001001001001001001001001010000111001010000010010010010010010010010010010100001110010100001000
0100100100100100100100100100100001110010100001111001001001001001001001001001000011100101000011100110
0010010010010010010010010010011100101000011100110100100100100100100100100100111001010000111001010000
0001001001001001001001001001001010000111001010000010010010010010010010010010010100001110010100001110
0100100100100100100100100100100001110010100001111001001001001001001001001001000011100101000011100100
0010010010010010010010010010011100101000011100110100100100100100100100100100111001010000111001010010
0001001001001001001001001001001010000111001010000010010010010010010010010010010100001110010100001000
0100100100100100100100100100100001110010100001111001001001001001001001001001000011100101000011100110
0010010010010010010010010010011100101000011100110100100100100100100100100100111001010000111001010000
0001001001001001001001001001001010000111001010000010010010010010010010010010010100001110010100001110
0100100100100100100100100100100001110010100001111001001001001001001001001001000011100101000011100100
0010010010010010010010010010011100101000011100110100100100100100100100100100111001010000111001010010
0001001001001001001001001001001010000111001010000010010010010010010010010010010100001110010100001000
0100100100100100100100100100100001110010100001111001001001001001001001001001000011100101000011100110
