0000000000000000000000000000000000000000000000000010000000000000000000000000000000000000000000000000
0111111111111111111111111111111111111111111111111010111111111111111111111111111111111111111111111110
0011111111111111111111111111111111111111111111110010011111111111111111111111111111111111111111111100
0001111111111111111111111111111111111111111111100010001111111111111111111111111111111111111111111000
0100111111111111111111111111111111111111111111001010100111111111111111111111111111111111111111110010
0100011111111111111111111111111111111111111110001010100011111111111111111111111111111111111111100010
0101001111111111111111111111111111111111111100101010101001111111111111111111111111111111111111001010
0101000111111111111111111111111111111111111000101010101000111111111111111111111111111111111110001010
0101010011111111111111111111111111111111110010101010101010011111111111111111111111111111111100101010
0101010001111111111111111111111111111111100010101010101010001111111111111111111111111111111000101010
0101010100111111111111111111111111111111001010101010101010100111111111111111111111111111110010101010
0101010100011111111111111111111111111110001010101010101010100011111111111111111111111111100010101010
0101010101001111111111111111111111111100101010101010101010101001111111111111111111111111001010101010
0101010101000111111111111111111111111000101010101010101010101000111111111111111111111110001010101010
0101010101010011111111111111111111110010101010101010101010101010011111111111111111111100101010101010
0101010101010001111111111111111111100010101010101010101010101010001111111111111111111000101010101010
0101010101010100111111111111111111001010101010101010101010101010100111111111111111110010101010101010
0101010101010100011111111111111110001010101010101010101010101010100011111111111111100010101010101010
0101010101010101001111111111111100101010101010101010101010101010101001111111111111001010101010101010
0101010101010101000111111111111000101010101010101010101010101010101000111111111110001010101010101010
0101010101010101010011111111110010101010101010101010101010101010101010011111111100101010101010101010
0101010101010101010001111111100010101010101010101010101010101010101010001111111000101010101010101010
0101010101010101010100111111001010101010101010101010101010101010101010100111110010101010101010101010
0101010101010101010100011110001010101010101010101010101010101010101010100011100010101010101010101010
0101010101010101010101001100101010101010101010101010101010101010101010101001001010101010101010101010
0101010101010101010101000000101010101010101010101010101010101010101010101001001010101010101010101010
0101010101010101010101011110101010101010101010101010101010101010101010101001001010101010101010101010
0101010101010101010101001100101010101010101010101010101010101010101010101001001010101010101010101010
0101010101010101010101000000101010101010101010101010101010101010101010101001001010101010101010101010
0101010101010101010101011110101010101010101010101010101010101010101010101001001010101010101010101010
0101010101010101010101001100101010101010101010101010101010101010101010101001001010101010101010101010
0101010101010101010101000000101010101010101010101010101010101010101010101001001010101010101010101010
0101010101010101010101011110101010101010101010101010101010101010101010101001001010101010101010101010
0101010101010101010101001100101010101010101010101010101010101010101010101001001010101010101010101010
0101010101010101010101000000101010101010101010101010101010101010101010101001001010101010101010101010
0101010101010101010101011110101010101010101010101010101010101010101010101001001010101010101010101010
0101010101010101010101001100101010101010101010101010101010101010101010101001001010101010101010101010
0101010101010101010101000000101010101010101010101010101010101010101010101001001010101010101010101010
0101010101010101010101011110101010101010101010101010101010101010101010101001001010101010101010101010
0101010101010101010101001100101010101010101010101010101010101010101010101001001010101010101010101010
0101010101010101010101000000101010101010101010101010101010101010101010101001001010101010101010101010
0101010101010101010101011110101010101010101010101010101010101010101010101001001010101010101010101010
0101010101010101010101001100101010101010101010101010101010101010101010101001001010101010101010101010
0101010101010101010101000000101010101010101010101010101010101010101010101001001010101010101010101010
0101010101010101010101011110101010101010101010101010101010101010101010101001001010101010101010101010
0101010101010101010101001100101010101010101010101010101010101010101010101001001010101010101010101010
0101010101010101010101000000101010101010101010101010101010101010101010101001001010101010101010101010
0101010101010101010101011110101010101010101010101010101010101010101010101001001010101010101010101010
0101010101010101010101001100101010101010101010101010101010101010101010101001001010101010101010101010
0101010101010101010101000000101010101010101010101010101010101010101010101001001010101010101010101010
0101010101010101010101011110101010101010101010101010101010101010101010101001001010101010101010101010
0101010101010101010101001100101010101010101010101010101010101010101010101001001010101010101010101010
0101010101010101010101000000101010101010101010101010101010101010101010101001001010101010101010101010
0101010101010101010101011110101010101010101010101010101010101010101010101001001010101010101010101010
0101010101010101010101001100101010101010101010101010101010101010101010101001001010101010101010101010
0101010101010101010101000000101010101010101010101010101010101010101010101001001010101010101010101010
0101010101010101010101011110101010101010101010101010101010101010101010101001001010101010101010101010
0101010101010101010101001100101010101010101010101010101010101010101010101001001010101010101010101010
0101010101010101010101000000101010101010101010101010101010101010101010101001001010101010101010101010
0101010101010101010101011110101010101010101010101010101010101010101010101001001010101010101010101010
0101010101010101010101001100101010101010101010101010101010101010101010101001001010101010101010101010
0101010101010101010101000000101010101010101010101010101010101010101010101001001010101010101010101010
0101010101010101010101011110101010101010101010101010101010101010101010101001001010101010101010101010
0101010101010101010101001100101010101010101010101010101010101010101010101001001010101010101010101010
0101010101010101010101000000101010101010101010101010101010101010101010101001001010101010101010101010
0101010101010101010101011110101010101010101010101010101010101010101010101001001010101010101010101010
0101010101010101010101001100101010101010101010101010101010101010101010101001001010101010101010101010
0101010101010101010101000000101010101010101010101010101010101010101010101001001010101010101010101010
0101010101010101010101011110101010101010101010101010101010101010101010101001001010101010101010101010
0101010101010101010101001100101010101010101010101010101010101010101010101001001010101010101010101010
0101010101010101010101000000101010101010101010101010101010101010101010101001001010101010101010101010
0101010101010101010101011110101010101010101010101010101010101010101010101001001010101010101010101010
0101010101010101010101001100101010101010101010101010101010101010101010101001001010101010101010101010
0101010101010101010101000000101010101010101010101010101010101010101010101001001010101010101010101010
0101010101010101010101011110101010101010101010101010101010101010101010101001001010101010101010101010
0101010101010101010101001100101010101010101010101010101010101010101010101001001010101010101010101010
0101010101010101010101000000101010101010101010101010101010101010101010101001001010101010101010101010
0101010101010101010101011110101010101010101010101010101010101010101010101001001010101010101010101010
0101010101010101010101001100101010101010101010101010101010101010101010101001001010101010101010101010
0101010101010101010101000000101010101010101010101010101010101010101010101001001010101010101010101010
0101010101010101010101011110101010101010101010101010101010101010101010101001001010101010101010101010
0101010101010101010101001100101010101010101010101010101010101010101010101001001010101010101010101010
0101010101010101010101000000101010101010101010101010101010101010101010101001001010101010101010101010
0101010101010101010101011110101010101010101010101010101010101010101010101001001010101010101010101010
0101010101010101010101001100101010101010101010101010101010101010101010101001001010101010101010101010
0101010101010101010101000000101010101010101010101010101010101010101010101001001010101010101010101010
0101010101010101010101011110101010101010101010101010101010101010101010101001001010101010101010101010
0101010101010101010101001100101010101010101010101010101010101010101010101001001010101010101010101010
0101010101010101010101000000101010101010101010101010101010101010101010101001001010101010101010101010
0101010101010101010101011110101010101010101010101010101010101010101010101001001010101010101010101010
0101010101010101010101001100101010101010101010101010101010101010101010101001001010101010101010101010
0101010101010101010101000000101010101010101010101010101010101010101010101001001010101010101010101010
0101010101010101010101011110101010101010101010101010101010101010101010101001001010101010101010101010
0101010101010101010101001100101010101010101010101010101010101010101010101001001010101010101010101010
0101010101010101010101000000101010101010101010101010101010101010101010101001001010101010101010101010
0101010101010101010101011110101010101010101010101010101010101010101010101001001010101010101010101010
0101010101010101010101001100101010101010101010101010101010101010101010101001001010101010101010101010
0101010101010101010101000000101010101010101010101010101010101010101010101001001010101010101010101010
0101010101010101010101011110101010101010101010101010101010101010101010101001001010101010101010101010
0101010101010101010101001100101010101010101010101010101010101010101010101001001010101010101010101010
