0000000000000000000000000000000000000000000000000010000000000000000000000000000000000000000000000000
0111111111111111111111111111111111111111111111111011111111111111111111111111111111111111111111111110
0011111111111111111111111111111111111111111111110001111111111111111111111111111111111111111111111100
0001111111111111111111111111111111111111111111101100111111111111111111111111111111111111111111111010
0100111111111111111111111111111111111111111111000010011111111111111111111111111111111111111111110010
0110011111111111111111111111111111111111111110111011001111111111111111111111111111111111111111101010
0001001111111111111111111111111111111111111100010000100111111111111111111111111111111111111111001010
0101100111111111111111111111111111111111111011011110110011111111111111111111111111111111111110101010
0100010011111111111111111111111111111111110000001100001001111111111111111111111111111111111100101010
0111011001111111111111111111111111111111101111100011101100111111111111111111111111111111111010101010
0010000100111111111111111111111111111111000111011001000010011111111111111111111111111111110010101010
0011110110011111111111111111111111111110110010000101111011001111111111111111111111111111101010101010
0001100001001111111111111111111111111100001011110100110000100111111111111111111111111111001010101010
0100011101100111111111111111111111111011101001100110001110110011111111111111111111111110101010101010
0111001000010011111111111111111111110001001100010001100100001001111111111111111111111100101010101010
0010101111011001111111111111111111101101100011011100010111101100111111111111111111111010101010101010
0010100110000100111111111111111111000000011000001011010011000010011111111111111111110010101010101010
0010110001110110011111111111111110111111000111101000011000111011001111111111111111101010101010101010
0010001100100001001111111111111100011110110011001111000110010000100111111111111111001010101010101010
0011100010111101100111111111111011001100001000100110110001011110110011111111111110101010101010101010
0001011010011000010011111111110000100011101110110000001101001100001001111111111100101010101010101010
0101000011000111011001111111101110111001000100001111100001100011101100111111111010101010101010101010
0101111000110010000100111111000100010101110111100111011100011001000010011111110010101010101010101010
0100110110001011110110011110110111010100100011010010001011000101111011001111101010101010101010101010
0110000001101001100001001100000010010110111000011011101000110100110000100111001010101010101010101010
0001111100001100011101100011111011010000010111000001001110000110001110110010101010101010101010101010
0100111011100011001000011001110000011111010010111101100101110001100100001010101010101010101010101010
0110010001011000101111000100101111001110011010011000010100101100010111101010101010101010101010101010
0001011101000110100110110110100110100101000011000111010110100011010011001010101010101010101010101010
0101001001110000110000000000110000110101111000110010010000111000011000101010101010101010101010101010
0101101100101110001111111110001110000100110110001011011110010111000110101010101010101010101010101010
0100000010100101100111111101100101110110000001101000001101010010110000101010101010101010101010101010
0111111010110100010011111000010100100001111100001111100001011010001110101010101010101010101010101010
0011110010000111011001110111010110111100111011100111011101000011100100101010101010101010101010101010
0001101011110010000100100010010000011010010001010010001001111001010110101010101010101010101010101010
0100001001101011110110111011011111000011011101011011101100110101010000101010101010101010101010101010
0111101100001001100000010000001110111000001001000001000010000101011110101010101010101010101010101010
0011000011101100011111011111100100010111101101111101111011110101001100101010101010101010101010101010
0000111001000011001110001111010111010011000000111000110001100101100010101010101010101010101010101010
0110010101111000100101100110010010011000111110010110001100010100011010101010101010101010101010101010
0001010100110110110100010001011011000110011101010001100011010111000010101010101010101010101010101010
0101010110000000000111011101000000110001001001011100011000010010111010101010101010101010101010101010
0101010001111111110010001001111110001101101101001011000111011010010010101010101010101010101010101010
0101011100111111101011101100111101100000000001101000110010000011011010101010101010101010101010101010
0101001010011111001001000010011000011111111100001110001011111000000010101010101010101010101010101010
0101101011001110101101111011000111001111111011100101101001110111111010101010101010101010101010101010
0100001000100100100000110000110010100111110001010100001100100011110010101010101010101010101010101010
0111101110110110111110001110001010110011101101010111100010111001101010101010101010101010101010101010
0011000100000000011101100101101010001001000001010011011010010100001010101010101010101010101010101010
0000110111111111001000010100001011101101111101011000000011010111101010101010101010101010101010101010
0110000011111110101111010111101001000000111001000111111000010011001010101010101010101010101010101010
0001111001111100100110010011001101111110010101110011110111011000101010101010101010101010101010101010
0100110100111010110001011000100000111101010100101001100010000110101010101010101010101010101010101010
0110000110010010001101000110111110011001010110101100011011110000101010101010101010101010101010101010
0001110001011011100001110000011101000101010000100011000001101110101010101010101010101010101010101010
0100101101000001011100101111001001110101011110111000111100000100101010101010101010101010101010101010
0110100001111101001010100110101100100101001100010110011011110110101010101010101010101010101010101010
0000111100111001101010110000100010110101100011010001000001100000101010101010101010101010101010101010
0110011010010100001010001110111010000100011000011101111100011110101010101010101010101010101010101010
0001000011010111101011100100010011110111000111001000111011001100101010101010101010101010101010101010
0101111000010011001001010111011001100010110010101110010000100010101010101010101010101010101010101010
0100110111011000101101010010000100011010001010100101011110111010101010101010101010101010101010101010
0110000010000110100001011011110111000011101010110101001100010010101010101010101010101010101010101010
0001111011110000111101000001100010111001001010000101100011011010101010101010101010101010101010101010
0100110001101110011001111100011010010101101011110100011000000010101010101010101010101010101010101010
0110001100000101000100111011000011010100001001100111000111111010101010101010101010101010101010101010
0001100011110101110110010000111000010111101100010010110011110010101010101010101010101010101010101010
0100011001100100100001011110010111010011000011011010001001101010101010101010101010101010101010101010
0111000100010110111101001101010010011000111000000011101100001010101010101010101010101010101010101010
0010110111010000011001100001011011000110010111111001000011101010101010101010101010101010101010101010
0010000010011111000100011101000000110001010011110101111001001010101010101010101010101010101010101010
0011111011001110110111001001111110001101011001100100110101101010101010101010101010101010101010101010
0001110000100100000010101100111101100001000100010110000100001010101010101010101010101010101010101010
0100101110110111111010100010011000011101110111010001110111101010101010101010101010101010101010101010
0110100100000011110010111011000111001000100010011100100011001010101010101010101010101010101010101010
0000110111111001101010010000110010101110111011001010111000101010101010101010101010101010101010101010
0110000011110100001011011110001010100100010000101010010110101010101010101010101010101010101010101010
0001111001100111101000001101101010110111011110101011010000101010101010101010101010101010101010101010
0100110100010011001111100000001010000010001100101000011110101010101010101010101010101010101010101010
0110000111011000100111011111101011111011100010101111001100101010101010101010101010101010101010101010
0001110010000110110010001111001001110001011010100110100010101010101010101010101010101010101010101010
0100101011110000001011100110101100101101000010110000111010101010101010101010101010101010101010101010
0110101001101111101001010000100010100001111010001110010010101010101010101010101010101010101010101010
0000101100000111001101011110111010111100110011100101011010101010101010101010101010101010101010101010
0110100011110010100001001100010010011010001001010101000010101010101010101010101010101010101010101010
0000111001101010111101100011011011000011101101010101111010101010101010101010101010101010101010101010
0110010100001010011000011000000000111001000001010100110010101010101010101010101010101010101010101010
0001010111101011000111000111111110010101111101010110001010101010101010101010101010101010101010101010
0101010011001000110010110011111101010100111001010001101010101010101010101010101010101010101010101010
0101011000101110001010001001111001010110010101011100001010101010101010101010101010101010101010101010
0101000110100101101011101100110101010001010101001011101010101010101010101010101010101010101010101010
0101110000110100001001000010000101011101010101101001001010101010101010101010101010101010101010101010
0100101110000111101101111011110101001001010100001101101010101010101010101010101010101010101010101010
0110100101110011000000110001100101101101010111100000001010101010101010101010101010101010101010101010
0000110100101000111110001100010100000001010011011111101010101010101010101010101010101010101010101010
0110000110101110011101100011010111111101011000001111001010101010101010101010101010101010101010101010
0001110000100101001000011000010011111001000111100110101010101010101010101010101010101010101010101010
0100101110110101101111000111011001110101110011010000101010101010101010101010101010101010101010101010
0110100100000100000110110010000100100100101000011110101010101010101010101010101010101010101010101010
0000110111110111110000001011110110110110101111001100101010101010101010101010101010101010101010101010
