0000000000000000000000000000000000000000000000000010000000000000000000000000000000000000000000000000
0111111111111111111111111111111111111111111111111000111111111111111111111111111111111111111111111110
0011111111111111111111111111111111111111111111111010011111111111111111111111111111111111111111111110
0001111111111111111111111111111111111111111111111000001111111111111111111111111111111111111111111110
0100111111111111111111111111111111111111111111111011100111111111111111111111111111111111111111111110
0000011111111111111111111111111111111111111111111001100011111111111111111111111111111111111111111110
0111001111111111111111111111111111111111111111111000101001111111111111111111111111111111111111111110
0011000111111111111111111111111111111111111111111010000000111111111111111111111111111111111111111110
0001010011111111111111111111111111111111111111111000111110011111111111111111111111111111111111111110
0100000001111111111111111111111111111111111111111010011110001111111111111111111111111111111111111110
0001111100111111111111111111111111111111111111111000001110100111111111111111111111111111111111111110
0100111100011111111111111111111111111111111111111011100110000011111111111111111111111111111111111110
0000011101001111111111111111111111111111111111111001100010111001111111111111111111111111111111111110
0111001100000111111111111111111111111111111111111000101000011000111111111111111111111111111111111110
0011000101110011111111111111111111111111111111111010000011001010011111111111111111111111111111111110
0001010000110001111111111111111111111111111111111000111001000000001111111111111111111111111111111110
0100000110010100111111111111111111111111111111111010011000011111100111111111111111111111111111111110
0001110010000000011111111111111111111111111111111000001011001111100011111111111111111111111111111110
0100110000111111001111111111111111111111111111111011100001000111101001111111111111111111111111111110
0000010110011111000111111111111111111111111111111001101100010011100000111111111111111111111111111110
0111000010001111010011111111111111111111111111111000100101000001101110011111111111111111111111111110
0011011000100111000001111111111111111111111111111010000000011100100110001111111111111111111111111110
0001001010000011011100111111111111111111111111111000111111001100000010100111111111111111111111111110
0100000000111001001100011111111111111111111111111010011111000101111000000011111111111111111111111110
0001111110011000000101001111111111111111111111111000001111010000111011111001111111111111111111111110
0100111110001011110000000111111111111111111111111011100111000110011001111000111111111111111111111110
0000011110100001110111110011111111111111111111111001100011010010001000111010011111111111111111111110
0111001110001100110011110001111111111111111111111000101001000000100010011000001111111111111111111110
0011000110100100010001110100111111111111111111111010000000011110001000001011100111111111111111111110
0001010010000001000100110000011111111111111111111000111111001110100011100001100011111111111111111110
0100000000111100010000010111001111111111111111111010011111000110001001101100101001111111111111111110
0001111110011101000111000011000111111111111111111000001111010010100000100100000000111111111111111110
0100111110001100010011011001010011111111111111111011100111000000001110000001111110011111111111111110
0000011110100101000001001000000001111111111111111001100011011111100110111100111110001111111111111110
0111001110000000011100000011111100111111111111111000101001001111100010011100011110100111111111111110
0011000110111111001101111001111100011111111111111010000000000111101000001101001110000011111111111110
0001010010011111000100111000111101001111111111111000111111110011100011100100000110111001111111111110
0100000000001111010000011010011100000111111111111010011111110001101001100001110010011000111111111110
0001111111100111000111001000001101110011111111111000001111110100100000101100110000001010011111111110
0100111111100011010011000011100100110001111111111011100111110000001110000100010111100000001111111110
0000011111101001000001011001100000010100111111111001100011110111100110110001000011101111100111111110
0111001111100000011100001000101111000000011111111000101001110011100010010100011001100111100011111110
0011000111101111001101100010000111011111001111111010000000110001101000000001001000100011101001111110
0001010011100111000100101000110011001111000111111000111110010100100011111100000010001001100000111110
0100000001100011010000000010010001000111010011111010011110000000001001111101111000100000101110011110
0001111100101001000111111000000100010011000001111000001110111111100000111100111010001110000110001110
0100111100000000010011111011110001000001011100111011100110011111101110011100011000100110110010100110
0000011101111111000001111001110100011100001100011001100010001111100110001101001010000010010000000010
0111001100111111011100111000110001001101100101001000101000100111100010100100000000111000000111111000
0011000100011111001100011010010100000100100000000010000010000011101000000001111110011011110011111010
0001010001001111000101001000000001110000001111111000111000111001100011111100111110001001110001111000
0100000100000111010000000011111100110111100111111010011010011000101001111100011110100000110100111010
0001110001110011000111111001111100010011100011111000001000001010000000111101001110001110010000011000
0100110100110001010011111000111101000001101001111011100011100000111110011100000110100110000111001010
0000010000010100000001111010011100011100100000111001101001101110011110001101110010000010110011000000
0111000111000001111100111000001101001100001110011000100000100110001110100100110000111000010001011110
0011010011011100111100011011100100000101100110001010001110000010100110000000010110011011000100001110
0001000001001100011101001001100001110000100010100000100110111000000010111111000010001001010001100110
0100011100000101001100000000101100110110001000001110000010011011111000011111011000100000000100100010
0001001101110000000101111110000100010010100011100110111000001001111011001111001010001111110000001000
0100000100110111110000111110110001000000001001100010011011100000111001000111000000100111110111100010
0001110000010011110110011110010100011111100000101000001001101110011000010011011110000011110011101000
0100110111000001110010001110000001001111101110000011100000100110001011000001001110111001110001100010
0000010011011100110000100110111100000111100110111001101110000010100001011100000110011000110100101000
0111000001001100010110000010011101110011100010011000100110111000001100001101110010001010010000000010
0011011100000101000010111000001100110001101000001010000010011011100101100100110000100000000111111000
0001001101110000011000011011100100010100100011100000111000001001100000100000010110001111110011111010
0100000100110111001011001001100001000000001001101110011011100000101110001111000010100111110001111000
0001110000010011000001000000101100011111100000100110001001101110000110100111011000000011110100111010
0100110111000001011100011110000101001111101110000010100000100110110010000011001011111001110000011000
0000010011011100001101001110110000000111100110111000001110000010010000111001000001111000110111001010
0111000001001101100100000110010111110011100010011011100110111000000110011000011100111010010011000000
0011011100000100100001110010000011110001101000001001100010011011110010001011001100011000000001011110
0001001101110000001100110000111001110100100011100000101000001001110000100001000101001011111100001110
0100000100110111100100010110011000110000001001101110000011100000110110001100010000000001111101100110
0001110000010011100001000010001010010111100000100110111001101110010010100101000111111100111100100010
0100110111000001101100011000100000000011101110000010011000100110000000000000010011111100011100001000
0000010011011100100101001010001111111001100110111000001010000010111111111111000001111101001101100010
0111000001001100000000000000100111111000100010011011100000111000011111111111011100111100000100101000
0011011100000101111111111110000011111010001000001001101110011011001111111111001100011101110000000010
0001001101110000111111111110111001111000100011100000100110001001000111111111000101001100110111111000
0100000100110110011111111110011000111010001001101110000010100000010011111111010000000100010011111010
0001110000010010001111111110001010011000100000100110111000001111000001111111000111110001000001111000
0100110111000000100111111110100000001010001110000010011011100111011100111111010011110100011100111010
0000010011011110000011111110001111100000100110111000001001100011001100011111000001110001001100011000
0111000001001110111001111110100111101110000010011011100000101001000101001111011100110100000101001010
0011011100000110011000111110000011100110111000001001101110000000010000000111001100010001110000000000
0001001101110010001010011110111001100010011011100000100110111111000111110011000101000100110111111110
0100000100110000100000001110011000101000001001101110000010011111010011110001010000010000010011111110
0001110000010110001111100110001010000011100000100110111000001111000001110100000111000111000001111110
0100110111000010100111100010100000111001101110000010011011100111011100110001110011010011011100111110
0000010011011000000011101000001110011000100110111000001001100011001100010100110001000001001100011110
0111000001001011111001100011100110001010000010011011100000101001000101000000010100011100000101001110
0011011100000001111000101001100010100000111000001001101110000000010000011111000001001101110000000110
0001001101111100111010000000101000001110011011100000100110111111000111001111011100000100110111110010
0100000100111100011000111110000011100110001001101110000010011111010011000111001101110000010011110000
0001110000011101001010011110111001100010100000100110111000001111000001010011000100110111000001110110
0100110111001100000000001110011000101000001110000010011011100111011100000001010000010011011100110010
0000010011000101111111100110001010000011100110111000001001100011001101111100000111000001001100010000
0111000001010000111111100010100000111001100010011011100000101001000100111101110011011100000101000110
