0000000000000000000000000000000000000000000000000010000000000000000000000000000000000000000000000000
0111111111111111111111111111111111111111111111111001111111111111111111111111111111111111111111111110
0011111111111111111111111111111111111111111111111100111111111111111111111111111111111111111111111110
0001111111111111111111111111111111111111111111111110011111111111111111111111111111111111111111111110
0100111111111111111111111111111111111111111111111111001111111111111111111111111111111111111111111110
0010011111111111111111111111111111111111111111111111100111111111111111111111111111111111111111111110
0001001111111111111111111111111111111111111111111111110011111111111111111111111111111111111111111110
0100100111111111111111111111111111111111111111111111111001111111111111111111111111111111111111111110
0010010011111111111111111111111111111111111111111111111100111111111111111111111111111111111111111110
0001001001111111111111111111111111111111111111111111111110011111111111111111111111111111111111111110
0100100100111111111111111111111111111111111111111111111111001111111111111111111111111111111111111110
0010010010011111111111111111111111111111111111111111111111100111111111111111111111111111111111111110
0001001001001111111111111111111111111111111111111111111111110011111111111111111111111111111111111110
0100100100100111111111111111111111111111111111111111111111111001111111111111111111111111111111111110
0010010010010011111111111111111111111111111111111111111111111100111111111111111111111111111111111110
0001001001001001111111111111111111111111111111111111111111111110011111111111111111111111111111111110
0100100100100100111111111111111111111111111111111111111111111111001111111111111111111111111111111110
0010010010010010011111111111111111111111111111111111111111111111100111111111111111111111111111111110
0001001001001001001111111111111111111111111111111111111111111111110011111111111111111111111111111110
0100100100100100100111111111111111111111111111111111111111111111111001111111111111111111111111111110
0010010010010010010011111111111111111111111111111111111111111111111100111111111111111111111111111110
0001001001001001001001111111111111111111111111111111111111111111111110011111111111111111111111111110
0100100100100100100100111111111111111111111111111111111111111111111111001111111111111111111111111110
0010010010010010010010011111111111111111111111111111111111111111111111100111111111111111111111111110
0001001001001001001001001111111111111111111111111111111111111111111111110011111111111111111111111110
0100100100100100100100100111111111111111111111111111111111111111111111111001111111111111111111111110
0010010010010010010010010011111111111111111111111111111111111111111111111100111111111111111111111110
0001001001001001001001001001111111111111111111111111111111111111111111111110011111111111111111111110
0100100100100100100100100100111111111111111111111111111111111111111111111111001111111111111111111110
0010010010010010010010010010011111111111111111111111111111111111111111111111100111111111111111111110
0001001001001001001001001001001111111111111111111111111111111111111111111111110011111111111111111110
0100100100100100100100100100100111111111111111111111111111111111111111111111111001111111111111111110
0010010010010010010010010010010011111111111111111111111111111111111111111111111100111111111111111110
0001001001001001001001001001001001111111111111111111111111111111111111111111111110011111111111111110
0100100100100100100100100100100100111111111111111111111111111111111111111111111111001111111111111110
0010010010010010010010010010010010011111111111111111111111111111111111111111111111100111111111111110
0001001001001001001001001001001001001111111111111111111111111111111111111111111111110011111111111110
0100100100100100100100100100100100100111111111111111111111111111111111111111111111111001111111111110
0010010010010010010010010010010010010011111111111111111111111111111111111111111111111100111111111110
0001001001001001001001001001001001001001111111111111111111111111111111111111111111111110011111111110
0100100100100100100100100100100100100100111111111111111111111111111111111111111111111111001111111110
0010010010010010010010010010010010010010011111111111111111111111111111111111111111111111100111111110
0001001001001001001001001001001001001001001111111111111111111111111111111111111111111111110011111110
0100100100100100100100100100100100100100100111111111111111111111111111111111111111111111111001111110
0010010010010010010010010010010010010010010011111111111111111111111111111111111111111111111100111110
0001001001001001001001001001001001001001001001111111111111111111111111111111111111111111111110011110
0100100100100100100100100100100100100100100100111111111111111111111111111111111111111111111111001110
0010010010010010010010010010010010010010010010011111111111111111111111111111111111111111111111100110
0001001001001001001001001001001001001001001001001111111111111111111111111111111111111111111111110010
0100100100100100100100100100100100100100100100100111111111111111111111111111111111111111111111111000
0010010010010010010010010010010010010010010010010011111111111111111111111111111111111111111111111110
0001001001001001001001001001001001001001001001001001111111111111111111111111111111111111111111111110
0100100100100100100100100100100100100100100100100100111111111111111111111111111111111111111111111110
0010010010010010010010010010010010010010010010010010011111111111111111111111111111111111111111111110
0001001001001001001001001001001001001001001001001001001111111111111111111111111111111111111111111110
0100100100100100100100100100100100100100100100100100100111111111111111111111111111111111111111111110
0010010010010010010010010010010010010010010010010010010011111111111111111111111111111111111111111110
0001001001001001001001001001001001001001001001001001001001111111111111111111111111111111111111111110
0100100100100100100100100100100100100100100100100100100100111111111111111111111111111111111111111110
0010010010010010010010010010010010010010010010010010010010011111111111111111111111111111111111111110
0001001001001001001001001001001001001001001001001001001001001111111111111111111111111111111111111110
0100100100100100100100100100100100100100100100100100100100100111111111111111111111111111111111111110
0010010010010010010010010010010010010010010010010010010010010011111111111111111111111111111111111110
0001001001001001001001001001001001001001001001001001001001001001111111111111111111111111111111111110
0100100100100100100100100100100100100100100100100100100100100100111111111111111111111111111111111110
0010010010010010010010010010010010010010010010010010010010010010011111111111111111111111111111111110
0001001001001001001001001001001001001001001001001001001001001001001111111111111111111111111111111110
0100100100100100100100100100100100100100100100100100100100100100100111111111111111111111111111111110
0010010010010010010010010010010010010010010010010010010010010010010011111111111111111111111111111110
0001001001001001001001001001001001001001001001001001001001001001001001111111111111111111111111111110
0100100100100100100100100100100100100100100100100100100100100100100100111111111111111111111111111110
0010010010010010010010010010010010010010010010010010010010010010010010011111111111111111111111111110
0001001001001001001001001001001001001001001001001001001001001001001001001111111111111111111111111110
0100100100100100100100100100100100100100100100100100100100100100100100100111111111111111111111111110
0010010010010010010010010010010010010010010010010010010010010010010010010011111111111111111111111110
0001001001001001001001001001001001001001001001001001001001001001001001001001111111111111111111111110
0100100100100100100100100100100100100100100100100100100100100100100100100100111111111111111111111110
0010010010010010010010010010010010010010010010010010010010010010010010010010011111111111111111111110
0001001001001001001001001001001001001001001001001001001001001001001001001001001111111111111111111110
0100100100100100100100100100100100100100100100100100100100100100100100100100100111111111111111111110
0010010010010010010010010010010010010010010010010010010010010010010010010010010011111111111111111110
0001001001001001001001001001001001001001001001001001001001001001001001001001001001111111111111111110
0100100100100100100100100100100100100100100100100100100100100100100100100100100100111111111111111110
0010010010010010010010010010010010010010010010010010010010010010010010010010010010011111111111111110
0001001001001001001001001001001001001001001001001001001001001001001001001001001001001111111111111110
0100100100100100100100100100100100100100100100100100100100100100100100100100100100100111111111111110
0010010010010010010010010010010010010010010010010010010010010010010010010010010010010011111111111110
0001001001001001001001001001001001001001001001001001001001001001001001001001001001001001111111111110
0100100100100100100100100100100100100100100100100100100100100100100100100100100100100100111111111110
0010010010010010010010010010010010010010010010010010010010010010010010010010010010010010011111111110
0001001001001001001001001001001001001001001001001001001001001001001001001001001001001001001111111110
0100100100100100100100100100100100100100100100100100100100100100100100100100100100100100100111111110
0010010010010010010010010010010010010010010010010010010010010010010010010010010010010010010011111110
0001001001001001001001001001001001001001001001001001001001001001001001001001001001001001001001111110
0100100100100100100100100100100100100100100100100100100100100100100100100100100100100100100100111110
0010010010010010010010010010010010010010010010010010010010010010010010010010010010010010010010011110
0001001001001001001001001001001001001001001001001001001001001001001001001001001001001001001001001110
0100100100100100100100100100100100100100100100100100100100100100100100100100100100100100100100100110
0010010010010010010010010010010010010010010010010010010010010010010010010010010010010010010010010010
0001001001001001001001001001001001001001001001001001001001001001001001001001001001001001001001001000
