0000000000000000000000000000000000000000000000000010000000000000000000000000000000000000000000000000
0111111111111111111111111111111111111111111111111010111111111111111111111111111111111111111111111110
0011111111111111111111111111111111111111111111111010011111111111111111111111111111111111111111111110
0001111111111111111111111111111111111111111111111010001111111111111111111111111111111111111111111110
0100111111111111111111111111111111111111111111111010100111111111111111111111111111111111111111111110
0100011111111111111111111111111111111111111111111010100011111111111111111111111111111111111111111110
0101001111111111111111111111111111111111111111111010101001111111111111111111111111111111111111111110
0101000111111111111111111111111111111111111111111010101000111111111111111111111111111111111111111110
0101010011111111111111111111111111111111111111111010101010011111111111111111111111111111111111111110
0101010001111111111111111111111111111111111111111010101010001111111111111111111111111111111111111110
0101010100111111111111111111111111111111111111111010101010100111111111111111111111111111111111111110
0101010100011111111111111111111111111111111111111010101010100011111111111111111111111111111111111110
0101010101001111111111111111111111111111111111111010101010101001111111111111111111111111111111111110
0101010101000111111111111111111111111111111111111010101010101000111111111111111111111111111111111110
0101010101010011111111111111111111111111111111111010101010101010011111111111111111111111111111111110
0101010101010001111111111111111111111111111111111010101010101010001111111111111111111111111111111110
0101010101010100111111111111111111111111111111111010101010101010100111111111111111111111111111111110
0101010101010100011111111111111111111111111111111010101010101010100011111111111111111111111111111110
0101010101010101001111111111111111111111111111111010101010101010101001111111111111111111111111111110
0101010101010101000111111111111111111111111111111010101010101010101000111111111111111111111111111110
0101010101010101010011111111111111111111111111111010101010101010101010011111111111111111111111111110
0101010101010101010001111111111111111111111111111010101010101010101010001111111111111111111111111110
0101010101010101010100111111111111111111111111111010101010101010101010100111111111111111111111111110
0101010101010101010100011111111111111111111111111010101010101010101010100011111111111111111111111110
0101010101010101010101001111111111111111111111111010101010101010101010101001111111111111111111111110
0101010101010101010101000111111111111111111111111010101010101010101010101000111111111111111111111110
0101010101010101010101010011111111111111111111111010101010101010101010101010011111111111111111111110
0101010101010101010101010001111111111111111111111010101010101010101010101010001111111111111111111110
0101010101010101010101010100111111111111111111111010101010101010101010101010100111111111111111111110
0101010101010101010101010100011111111111111111111010101010101010101010101010100011111111111111111110
0101010101010101010101010101001111111111111111111010101010101010101010101010101001111111111111111110
0101010101010101010101010101000111111111111111111010101010101010101010101010101000111111111111111110
0101010101010101010101010101010011111111111111111010101010101010101010101010101010011111111111111110
0101010101010101010101010101010001111111111111111010101010101010101010101010101010001111111111111110
0101010101010101010101010101010100111111111111111010101010101010101010101010101010100111111111111110
0101010101010101010101010101010100011111111111111010101010101010101010101010101010100011111111111110
0101010101010101010101010101010101001111111111111010101010101010101010101010101010101001111111111110
0101010101010101010101010101010101000111111111111010101010101010101010101010101010101000111111111110
0101010101010101010101010101010101010011111111111010101010101010101010101010101010101010011111111110
0101010101010101010101010101010101010001111111111010101010101010101010101010101010101010001111111110
0101010101010101010101010101010101010100111111111010101010101010101010101010101010101010100111111110
0101010101010101010101010101010101010100011111111010101010101010101010101010101010101010100011111110
0101010101010101010101010101010101010101001111111010101010101010101010101010101010101010101001111110
0101010101010101010101010101010101010101000111111010101010101010101010101010101010101010101000111110
0101010101010101010101010101010101010101010011111010101010101010101010101010101010101010101010011110
0101010101010101010101010101010101010101010001111010101010101010101010101010101010101010101010001110
0101010101010101010101010101010101010101010100111010101010101010101010101010101010101010101010100110
0101010101010101010101010101010101010101010100011010101010101010101010101010101010101010101010100010
0101010101010101010101010101010101010101010101001010101010101010101010101010101010101010101010101010
0101010101010101010101010101010101010101010101001010101010101010101010101010101010101010101010101010
0101010101010101010101010101010101010101010101001010101010101010101010101010101010101010101010101010
0101010101010101010101010101010101010101010101001010101010101010101010101010101010101010101010101010
0101010101010101010101010101010101010101010101001010101010101010101010101010101010101010101010101010
0101010101010101010101010101010101010101010101001010101010101010101010101010101010101010101010101010
0101010101010101010101010101010101010101010101001010101010101010101010101010101010101010101010101010
0101010101010101010101010101010101010101010101001010101010101010101010101010101010101010101010101010
0101010101010101010101010101010101010101010101001010101010101010101010101010101010101010101010101010
0101010101010101010101010101010101010101010101001010101010101010101010101010101010101010101010101010
0101010101010101010101010101010101010101010101001010101010101010101010101010101010101010101010101010
0101010101010101010101010101010101010101010101001010101010101010101010101010101010101010101010101010
0101010101010101010101010101010101010101010101001010101010101010101010101010101010101010101010101010
0101010101010101010101010101010101010101010101001010101010101010101010101010101010101010101010101010
0101010101010101010101010101010101010101010101001010101010101010101010101010101010101010101010101010
0101010101010101010101010101010101010101010101001010101010101010101010101010101010101010101010101010
0101010101010101010101010101010101010101010101001010101010101010101010101010101010101010101010101010
0101010101010101010101010101010101010101010101001010101010101010101010101010101010101010101010101010
0101010101010101010101010101010101010101010101001010101010101010101010101010101010101010101010101010
0101010101010101010101010101010101010101010101001010101010101010101010101010101010101010101010101010
0101010101010101010101010101010101010101010101001010101010101010101010101010101010101010101010101010
0101010101010101010101010101010101010101010101001010101010101010101010101010101010101010101010101010
0101010101010101010101010101010101010101010101001010101010101010101010101010101010101010101010101010
0101010101010101010101010101010101010101010101001010101010101010101010101010101010101010101010101010
0101010101010101010101010101010101010101010101001010101010101010101010101010101010101010101010101010
0101010101010101010101010101010101010101010101001010101010101010101010101010101010101010101010101010
0101010101010101010101010101010101010101010101001010101010101010101010101010101010101010101010101010
0101010101010101010101010101010101010101010101001010101010101010101010101010101010101010101010101010
0101010101010101010101010101010101010101010101001010101010101010101010101010101010101010101010101010
0101010101010101010101010101010101010101010101001010101010101010101010101010101010101010101010101010
0101010101010101010101010101010101010101010101001010101010101010101010101010101010101010101010101010
0101010101010101010101010101010101010101010101001010101010101010101010101010101010101010101010101010
0101010101010101010101010101010101010101010101001010101010101010101010101010101010101010101010101010
0101010101010101010101010101010101010101010101001010101010101010101010101010101010101010101010101010
0101010101010101010101010101010101010101010101001010101010101010101010101010101010101010101010101010
0101010101010101010101010101010101010101010101001010101010101010101010101010101010101010101010101010
0101010101010101010101010101010101010101010101001010101010101010101010101010101010101010101010101010
0101010101010101010101010101010101010101010101001010101010101010101010101010101010101010101010101010
0101010101010101010101010101010101010101010101001010101010101010101010101010101010101010101010101010
0101010101010101010101010101010101010101010101001010101010101010101010101010101010101010101010101010
0101010101010101010101010101010101010101010101001010101010101010101010101010101010101010101010101010
0101010101010101010101010101010101010101010101001010101010101010101010101010101010101010101010101010
0101010101010101010101010101010101010101010101001010101010101010101010101010101010101010101010101010
0101010101010101010101010101010101010101010101001010101010101010101010101010101010101010101010101010
0101010101010101010101010101010101010101010101001010101010101010101010101010101010101010101010101010
0101010101010101010101010101010101010101010101001010101010101010101010101010101010101010101010101010
0101010101010101010101010101010101010101010101001010101010101010101010101010101010101010101010101010
0101010101010101010101010101010101010101010101001010101010101010101010101010101010101010101010101010
0101010101010101010101010101010101010101010101001010101010101010101010101010101010101010101010101010
0101010101010101010101010101010101010101010101001010101010101010101010101010101010101010101010101010
0101010101010101010101010101010101010101010101001010101010101010101010101010101010101010101010101010
0101010101010101010101010101010101010101010101001010101010101010101010101010101010101010101010101010
