0000000000000000000000000000000000000000000000000010000000000000000000000000000000000000000000000000
0111111111111111111111111111111111111111111111111011111111111111111111111111111111111111111111111110
0011111111111111111111111111111111111111111111111001111111111111111111111111111111111111111111111110
0001111111111111111111111111111111111111111111111100111111111111111111111111111111111111111111111110
0100111111111111111111111111111111111111111111111110011111111111111111111111111111111111111111111110
0110011111111111111111111111111111111111111111111111001111111111111111111111111111111111111111111110
0011001111111111111111111111111111111111111111111111100111111111111111111111111111111111111111111110
0001100111111111111111111111111111111111111111111111110011111111111111111111111111111111111111111110
0100110011111111111111111111111111111111111111111111111001111111111111111111111111111111111111111110
0110011001111111111111111111111111111111111111111111111100111111111111111111111111111111111111111110
0011001100111111111111111111111111111111111111111111111110011111111111111111111111111111111111111110
0001100110011111111111111111111111111111111111111111111111001111111111111111111111111111111111111110
0100110011001111111111111111111111111111111111111111111111100111111111111111111111111111111111111110
0110011001100111111111111111111111111111111111111111111111110011111111111111111111111111111111111110
0011001100110011111111111111111111111111111111111111111111111001111111111111111111111111111111111110
0001100110011001111111111111111111111111111111111111111111111100111111111111111111111111111111111110
0100110011001100111111111111111111111111111111111111111111111110011111111111111111111111111111111110
0110011001100110011111111111111111111111111111111111111111111111001111111111111111111111111111111110
0011001100110011001111111111111111111111111111111111111111111111100111111111111111111111111111111110
0001100110011001100111111111111111111111111111111111111111111111110011111111111111111111111111111110
0100110011001100110011111111111111111111111111111111111111111111111001111111111111111111111111111110
0110011001100110011001111111111111111111111111111111111111111111111100111111111111111111111111111110
0011001100110011001100111111111111111111111111111111111111111111111110011111111111111111111111111110
0001100110011001100110011111111111111111111111111111111111111111111111001111111111111111111111111110
0100110011001100110011001111111111111111111111111111111111111111111111100111111111111111111111111110
0110011001100110011001100111111111111111111111111111111111111111111111110011111111111111111111111110
0011001100110011001100110011111111111111111111111111111111111111111111111001111111111111111111111110
0001100110011001100110011001111111111111111111111111111111111111111111111100111111111111111111111110
0100110011001100110011001100111111111111111111111111111111111111111111111110011111111111111111111110
0110011001100110011001100110011111111111111111111111111111111111111111111111001111111111111111111110
0011001100110011001100110011001111111111111111111111111111111111111111111111100111111111111111111110
0001100110011001100110011001100111111111111111111111111111111111111111111111110011111111111111111110
0100110011001100110011001100110011111111111111111111111111111111111111111111111001111111111111111110
0110011001100110011001100110011001111111111111111111111111111111111111111111111100111111111111111110
0011001100110011001100110011001100111111111111111111111111111111111111111111111110011111111111111110
0001100110011001100110011001100110011111111111111111111111111111111111111111111111001111111111111110
0100110011001100110011001100110011001111111111111111111111111111111111111111111111100111111111111110
0110011001100110011001100110011001100111111111111111111111111111111111111111111111110011111111111110
0011001100110011001100110011001100110011111111111111111111111111111111111111111111111001111111111110
0001100110011001100110011001100110011001111111111111111111111111111111111111111111111100111111111110
0100110011001100110011001100110011001100111111111111111111111111111111111111111111111110011111111110
0110011001100110011001100110011001100110011111111111111111111111111111111111111111111111001111111110
0011001100110011001100110011001100110011001111111111111111111111111111111111111111111111100111111110
0001100110011001100110011001100110011001100111111111111111111111111111111111111111111111110011111110
0100110011001100110011001100110011001100110011111111111111111111111111111111111111111111111001111110
0110011001100110011001100110011001100110011001111111111111111111111111111111111111111111111100111110
0011001100110011001100110011001100110011001100111111111111111111111111111111111111111111111110011110
0001100110011001100110011001100110011001100110011111111111111111111111111111111111111111111111001110
0100110011001100110011001100110011001100110011001111111111111111111111111111111111111111111111100110
0110011001100110011001100110011001100110011001100111111111111111111111111111111111111111111111110010
0011001100110011001100110011001100110011001100110011111111111111111111111111111111111111111111111010
0001100110011001100110011001100110011001100110011001111111111111111111111111111111111111111111111010
0100110011001100110011001100110011001100110011001100111111111111111111111111111111111111111111111010
0110011001100110011001100110011001100110011001100110011111111111111111111111111111111111111111111010
0011001100110011001100110011001100110011001100110011001111111111111111111111111111111111111111111010
0001100110011001100110011001100110011001100110011001100111111111111111111111111111111111111111111010
0100110011001100110011001100110011001100110011001100110011111111111111111111111111111111111111111010
0110011001100110011001100110011001100110011001100110011001111111111111111111111111111111111111111010
0011001100110011001100110011001100110011001100110011001100111111111111111111111111111111111111111010
0001100110011001100110011001100110011001100110011001100110011111111111111111111111111111111111111010
0100110011001100110011001100110011001100110011001100110011001111111111111111111111111111111111111010
0110011001100110011001100110011001100110011001100110011001100111111111111111111111111111111111111010
0011001100110011001100110011001100110011001100110011001100110011111111111111111111111111111111111010
0001100110011001100110011001100110011001100110011001100110011001111111111111111111111111111111111010
0100110011001100110011001100110011001100110011001100110011001100111111111111111111111111111111111010
0110011001100110011001100110011001100110011001100110011001100110011111111111111111111111111111111010
0011001100110011001100110011001100110011001100110011001100110011001111111111111111111111111111111010
0001100110011001100110011001100110011001100110011001100110011001100111111111111111111111111111111010
0100110011001100110011001100110011001100110011001100110011001100110011111111111111111111111111111010
0110011001100110011001100110011001100110011001100110011001100110011001111111111111111111111111111010
0011001100110011001100110011001100110011001100110011001100110011001100111111111111111111111111111010
0001100110011001100110011001100110011001100110011001100110011001100110011111111111111111111111111010
0100110011001100110011001100110011001100110011001100110011001100110011001111111111111111111111111010
0110011001100110011001100110011001100110011001100110011001100110011001100111111111111111111111111010
0011001100110011001100110011001100110011001100110011001100110011001100110011111111111111111111111010
0001100110011001100110011001100110011001100110011001100110011001100110011001111111111111111111111010
0100110011001100110011001100110011001100110011001100110011001100110011001100111111111111111111111010
0110011001100110011001100110011001100110011001100110011001100110011001100110011111111111111111111010
0011001100110011001100110011001100110011001100110011001100110011001100110011001111111111111111111010
0001100110011001100110011001100110011001100110011001100110011001100110011001100111111111111111111010
0100110011001100110011001100110011001100110011001100110011001100110011001100110011111111111111111010
0110011001100110011001100110011001100110011001100110011001100110011001100110011001111111111111111010
0011001100110011001100110011001100110011001100110011001100110011001100110011001100111111111111111010
0001100110011001100110011001100110011001100110011001100110011001100110011001100110011111111111111010
0100110011001100110011001100110011001100110011001100110011001100110011001100110011001111111111111010
0110011001100110011001100110011001100110011001100110011001100110011001100110011001100111111111111010
0011001100110011001100110011001100110011001100110011001100110011001100110011001100110011111111111010
0001100110011001100110011001100110011001100110011001100110011001100110011001100110011001111111111010
0100110011001100110011001100110011001100110011001100110011001100110011001100110011001100111111111010
0110011001100110011001100110011001100110011001100110011001100110011001100110011001100110011111111010
0011001100110011001100110011001100110011001100110011001100110011001100110011001100110011001111111010
0001100110011001100110011001100110011001100110011001100110011001100110011001100110011001100111111010
0100110011001100110011001100110011001100110011001100110011001100110011001100110011001100110011111010
0110011001100110011001100110011001100110011001100110011001100110011001100110011001100110011001111010
0011001100110011001100110011001100110011001100110011001100110011001100110011001100110011001100111010
0001100110011001100110011001100110011001100110011001100110011001100110011001100110011001100110011010
0100110011001100110011001100110011001100110011001100110011001100110011001100110011001100110011001010
0110011001100110011001100110011001100110011001100110011001100110011001100110011001100110011001101010
0011001100110011001100110011001100110011001100110011001100110011001100110011001100110011001100101010
0001100110011001100110011001100110011001100110011001100110011001100110011001100110011001100110101010
