0000000000000000000000000000000000000000000000000010000000000000000000000000000000000000000000000000
0111111111111111111111111111111111111111111111111100111111111111111111111111111111111111111111111110
0011111111111111111111111111111111111111111111111001011111111111111111111111111111111111111111111100
0101111111111111111111111111111111111111111111110010001111111111111111111111111111111111111111111000
0000111111111111111111111111111111111111111111100100110111111111111111111111111111111111111111110010
0111011111111111111111111111111111111111111111001001000011111111111111111111111111111111111111100100
0010001111111111111111111111111111111111111110010010011101111111111111111111111111111111111111001000
0100110111111111111111111111111111111111111100100100101000111111111111111111111111111111111110010010
0001000011111111111111111111111111111111111001001001000011011111111111111111111111111111111100100100
0110011101111111111111111111111111111111110010010010011100001111111111111111111111111111111001001000
0000101000111111111111111111111111111111100100100100101001110111111111111111111111111111110010010010
0111000011011111111111111111111111111111001001001001000010100011111111111111111111111111100100100100
0010011100001111111111111111111111111110010010010010011100001101111111111111111111111111001001001000
0100101001110111111111111111111111111100100100100100101001110000111111111111111111111110010010010010
0001000010100011111111111111111111111001001001001001000010100111011111111111111111111100100100100100
0110011100001101111111111111111111110010010010010010011100001010001111111111111111111001001001001000
0000101001110000111111111111111111100100100100100100101001110000110111111111111111110010010010010010
0111000010100111011111111111111111001001001001001001000010100111000011111111111111100100100100100100
0010011100001010001111111111111110010010010010010010011100001010011101111111111111001001001001001000
0100101001110000110111111111111100100100100100100100101001110000101000111111111110010010010010010010
0001000010100111000011111111111001001001001001001001000010100111000011011111111100100100100100100100
0110011100001010011101111111110010010010010010010010011100001010011100001111111001001001001001001000
0000101001110000101000111111100100100100100100100100101001110000101001110111110010010010010010010010
0111000010100111000011011111001001001001001001001001000010100111000010100011100100100100100100100100
0010011100001010011100001110010010010010010010010010011100001010011100001101001001001001001001001000
0100101001110000101001110100100100100100100100100100101001110000101001110000010010010010010010010010
0001000010100111000010100001001001001001001001001001000010100111000010100111100100100100100100100100
0110011100001010011100001110010010010010010010010010011100001010011100001011001001001001001001001000
0000101001110000101001110100100100100100100100100100101001110000101001110000010010010010010010010010
0111000010100111000010100001001001001001001001001001000010100111000010100111100100100100100100100100
0010011100001010011100001110010010010010010010010010011100001010011100001011001001001001001001001000
0100101001110000101001110100100100100100100100100100101001110000101001110000010010010010010010010010
0001000010100111000010100001001001001001001001001001000010100111000010100111100100100100100100100100
0110011100001010011100001110010010010010010010010010011100001010011100001011001001001001001001001000
0000101001110000101001110100100100100100100100100100101001110000101001110000010010010010010010010010
0111000010100111000010100001001001001001001001001001000010100111000010100111100100100100100100100100
0010011100001010011100001110010010010010010010010010011100001010011100001011001001001001001001001000
0100101001110000101001110100100100100100100100100100101001110000101001110000010010010010010010010010
0001000010100111000010100001001001001001001001001001000010100111000010100111100100100100100100100100
0110011100001010011100001110010010010010010010010010011100001010011100001011001001001001001001001000
0000101001110000101001110100100100100100100100100100101001110000101001110000010010010010010010010010
0111000010100111000010100001001001001001001001001001000010100111000010100111100100100100100100100100
0010011100001010011100001110010010010010010010010010011100001010011100001011001001001001001001001000
0100101001110000101001110100100100100100100100100100101001110000101001110000010010010010010010010010
0001000010100111000010100001001001001001001001001001000010100111000010100111100100100100100100100100
0110011100001010011100001110010010010010010010010010011100001010011100001011001001001001001001001000
0000101001110000101001110100100100100100100100100100101001110000101001110000010010010010010010010010
0111000010100111000010100001001001001001001001001001000010100111000010100111100100100100100100100100
0010011100001010011100001110010010010010010010010010011100001010011100001011001001001001001001001000
0100101001110000101001110100100100100100100100100100101001110000101001110000010010010010010010010010
0001000010100111000010100001001001001001001001001001000010100111000010100111100100100100100100100100
0110011100001010011100001110010010010010010010010010011100001010011100001011001001001001001001001000
0000101001110000101001110100100100100100100100100100101001110000101001110000010010010010010010010010
0111000010100111000010100001001001001001001001001001000010100111000010100111100100100100100100100100
0010011100001010011100001110010010010010010010010010011100001010011100001011001001001001001001001000
0100101001110000101001110100100100100100100100100100101001110000101001110000010010010010010010010010
0001000010100111000010100001001001001001001001001001000010100111000010100111100100100100100100100100
0110011100001010011100001110010010010010010010010010011100001010011100001011001001001001001001001000
0000101001110000101001110100100100100100100100100100101001110000101001110000010010010010010010010010
0111000010100111000010100001001001001001001001001001000010100111000010100111100100100100100100100100
0010011100001010011100001110010010010010010010010010011100001010011100001011001001001001001001001000
0100101001110000101001110100100100100100100100100100101001110000101001110000010010010010010010010010
0001000010100111000010100001001001001001001001001001000010100111000010100111100100100100100100100100
0110011100001010011100001110010010010010010010010010011100001010011100001011001001001001001001001000
0000101001110000101001110100100100100100100100100100101001110000101001110000010010010010010010010010
0111000010100111000010100001001001001001001001001001000010100111000010100111100100100100100100100100
0010011100001010011100001110010010010010010010010010011100001010011100001011001001001001001001001000
0100101001110000101001110100100100100100100100100100101001110000101001110000010010010010010010010010
0001000010100111000010100001001001001001001001001001000010100111000010100111100100100100100100100100
0110011100001010011100001110010010010010010010010010011100001010011100001011001001001001001001001000
0000101001110000101001110100100100100100100100100100101001110000101001110000010010010010010010010010
0111000010100111000010100001001001001001001001001001000010100111000010100111100100100100100100100100
0010011100001010011100001110010010010010010010010010011100001010011100001011001001001001001001001000
0100101001110000101001110100100100100100100100100100101001110000101001110000010010010010010010010010
0001000010100111000010100001001001001001001001001001000010100111000010100111100100100100100100100100
0110011100001010011100001110010010010010010010010010011100001010011100001011001001001001001001001000
0000101001110000101001110100100100100100100100100100101001110000101001110000010010010010010010010010
0111000010100111000010100001001001001001001001001001000010100111000010100111100100100100100100100100
0010011100001010011100001110010010010010010010010010011100001010011100001011001001001001001001001000
0100101001110000101001110100100100100100100100100100101001110000101001110000010010010010010010010010
0001000010100111000010100001001001001001001001001001000010100111000010100111100100100100100100100100
0110011100001010011100001110010010010010010010010010011100001010011100001011001001001001001001001000
0000101001110000101001110100100100100100100100100100101001110000101001110000010010010010010010010010
0111000010100111000010100001001001001001001001001001000010100111000010100111100100100100100100100100
0010011100001010011100001110010010010010010010010010011100001010011100001011001001001001001001001000
0100101001110000101001110100100100100100100100100100101001110000101001110000010010010010010010010010
0001000010100111000010100001001001001001001001001001000010100111000010100111100100100100100100100100
0110011100001010011100001110010010010010010010010010011100001010011100001011001001001001001001001000
0000101001110000101001110100100100100100100100100100101001110000101001110000010010010010010010010010
0111000010100111000010100001001001001001001001001001000010100111000010100111100100100100100100100100
0010011100001010011100001110010010010010010010010010011100001010011100001011001001001001001001001000
0100101001110000101001110100100100100100100100100100101001110000101001110000010010010010010010010010
0001000010100111000010100001001001001001001001001001000010100111000010100111100100100100100100100100
0110011100001010011100001110010010010010010010010010011100001010011100001011001001001001001001001000
0000101001110000101001110100100100100100100100100100101001110000101001110000010010010010010010010010
0111000010100111000010100001001001001001001001001001000010100111000010100111100100100100100100100100
0010011100001010011100001110010010010010010010010010011100001010011100001011001001001001001001001000
0100101001110000101001110100100100100100100100100100101001110000101001110000010010010010010010010010
0001000010100111000010100001001001001001001001001001000010100111000010100111100100100100100100100100
0110011100001010011100001110010010010010010010010010011100001010011100001011001001001001001001001000
