0000000000000000000000000000000000000000000000000010000000000000000000000000000000000000000000000000
0111111111111111111111111111111111111111111111111101111111111111111111111111111111111111111111111110
0011111111111111111111111111111111111111111111111000111111111111111111111111111111111111111111111100
0101111111111111111111111111111111111111111111110111011111111111111111111111111111111111111111111010
0000111111111111111111111111111111111111111111100010001111111111111111111111111111111111111111110000
0111011111111111111111111111111111111111111111011101110111111111111111111111111111111111111111101110
0010001111111111111111111111111111111111111110001000100011111111111111111111111111111111111111000100
0101110111111111111111111111111111111111111101110111011101111111111111111111111111111111111110111010
0000100011111111111111111111111111111111111000100010001000111111111111111111111111111111111100010000
0111011101111111111111111111111111111111110111011101110111011111111111111111111111111111111011101110
0010001000111111111111111111111111111111100010001000100010001111111111111111111111111111110001000100
0101110111011111111111111111111111111111011101110111011101110111111111111111111111111111101110111010
0000100010001111111111111111111111111110001000100010001000100011111111111111111111111111000100010000
0111011101110111111111111111111111111101110111011101110111011101111111111111111111111110111011101110
0010001000100011111111111111111111111000100010001000100010001000111111111111111111111100010001000100
0101110111011101111111111111111111110111011101110111011101110111011111111111111111111011101110111010
0000100010001000111111111111111111100010001000100010001000100010001111111111111111110001000100010000
0111011101110111011111111111111111011101110111011101110111011101110111111111111111101110111011101110
0010001000100010001111111111111110001000100010001000100010001000100011111111111111000100010001000100
0101110111011101110111111111111101110111011101110111011101110111011101111111111110111011101110111010
0000100010001000100011111111111000100010001000100010001000100010001000111111111100010001000100010000
0111011101110111011101111111110111011101110111011101110111011101110111011111111011101110111011101110
0010001000100010001000111111100010001000100010001000100010001000100010001111110001000100010001000100
0101110111011101110111011111011101110111011101110111011101110111011101110111101110111011101110111010
0000100010001000100010001110001000100010001000100010001000100010001000100011000100010001000100010000
0111011101110111011101110101110111011101110111011101110111011101110111011100111011101110111011101110
0010001000100010001000100000100010001000100010001000100010001000100010001011010001000100010001000100
0101110111011101110111011111011101110111011101110111011101110111011101110000001110111011101110111010
0000100010001000100010001110001000100010001000100010001000100010001000101111110100010001000100010000
0111011101110111011101110101110111011101110111011101110111011101110111000111100011101110111011101110
0010001000100010001000100000100010001000100010001000100010001000100010111011011101000100010001000100
0101110111011101110111011111011101110111011101110111011101110111011100010000001000111011101110111010
0000100010001000100010001110001000100010001000100010001000100010001011101111110111010001000100010000
0111011101110111011101110101110111011101110111011101110111011101110001000111100010001110111011101110
0010001000100010001000100000100010001000100010001000100010001000101110111011011101110100010001000100
0101110111011101110111011111011101110111011101110111011101110111000100010000001000100011101110111010
0000100010001000100010001110001000100010001000100010001000100010111011101111110111011101000100010000
0111011101110111011101110101110111011101110111011101110111011100010001000111100010001000111011101110
0010001000100010001000100000100010001000100010001000100010001011101110111011011101110111010001000100
0101110111011101110111011111011101110111011101110111011101110001000100010000001000100010001110111010
0000100010001000100010001110001000100010001000100010001000101110111011101111110111011101110100010000
0111011101110111011101110101110111011101110111011101110111000100010001000111100010001000100011101110
0010001000100010001000100000100010001000100010001000100010111011101110111011011101110111011101000100
0101110111011101110111011111011101110111011101110111011100010001000100010000001000100010001000111010
0000100010001000100010001110001000100010001000100010001011101110111011101111110111011101110111010000
0111011101110111011101110101110111011101110111011101110001000100010001000111100010001000100010001110
0010001000100010001000100000100010001000100010001000101110111011101110111011011101110111011101110100
0101110111011101110111011111011101110111011101110111000100010001000100010000001000100010001000100010
0000100010001000100010001110001000100010001000100010111011101110111011101111110111011101110111011100
0111011101110111011101110101110111011101110111011100010001000100010001000111100010001000100010001010
0010001000100010001000100000100010001000100010001011101110111011101110111011011101110111011101110000
0101110111011101110111011111011101110111011101110001000100010001000100010000001000100010001000101110
0000100010001000100010001110001000100010001000101110111011101110111011101111110111011101110111000100
0111011101110111011101110101110111011101110111000100010001000100010001000111100010001000100010111010
0010001000100010001000100000100010001000100010111011101110111011101110111011011101110111011100010000
0101110111011101110111011111011101110111011100010001000100010001000100010000001000100010001011101110
0000100010001000100010001110001000100010001011101110111011101110111011101111110111011101110001000100
0111011101110111011101110101110111011101110001000100010001000100010001000111100010001000101110111010
0010001000100010001000100000100010001000101110111011101110111011101110111011011101110111000100010000
0101110111011101110111011111011101110111000100010001000100010001000100010000001000100010111011101110
0000100010001000100010001110001000100010111011101110111011101110111011101111110111011100010001000100
0111011101110111011101110101110111011100010001000100010001000100010001000111100010001011101110111010
0010001000100010001000100000100010001011101110111011101110111011101110111011011101110001000100010000
0101110111011101110111011111011101110001000100010001000100010001000100010000001000101110111011101110
0000100010001000100010001110001000101110111011101110111011101110111011101111110111000100010001000100
0111011101110111011101110101110111000100010001000100010001000100010001000111100010111011101110111010
0010001000100010001000100000100010111011101110111011101110111011101110111011011100010001000100010000
0101110111011101110111011111011100010001000100010001000100010001000100010000001011101110111011101110
0000100010001000100010001110001011101110111011101110111011101110111011101111110001000100010001000100
0111011101110111011101110101110001000100010001000100010001000100010001000111101110111011101110111010
0010001000100010001000100000101110111011101110111011101110111011101110111011000100010001000100010000
0101110111011101110111011111000100010001000100010001000100010001000100010000111011101110111011101110
0000100010001000100010001110111011101110111011101110111011101110111011101111010001000100010001000100
0111011101110111011101110100010001000100010001000100010001000100010001000110001110111011101110111010
0010001000100010001000100011101110111011101110111011101110111011101110111001110100010001000100010000
0101110111011101110111011101000100010001000100010001000100010001000100010110100011101110111011101110
0000100010001000100010001000111011101110111011101110111011101110111011100000011101000100010001000100
0111011101110111011101110111010001000100010001000100010001000100010001011111101000111011101110111010
0010001000100010001000100010001110111011101110111011101110111011101110001111000111010001000100010000
0101110111011101110111011101110100010001000100010001000100010001000101110110111010001110111011101110
0000100010001000100010001000100011101110111011101110111011101110111000100000010001110100010001000100
0111011101110111011101110111011101000100010001000100010001000100010111011111101110100011101110111010
0010001000100010001000100010001000111011101110111011101110111011100010001111000100011101000100010000
0101110111011101110111011101110111010001000100010001000100010001011101110110111011101000111011101110
0000100010001000100010001000100010001110111011101110111011101110001000100000010001000111010001000100
0111011101110111011101110111011101110100010001000100010001000101110111011111101110111010001110111010
0010001000100010001000100010001000100011101110111011101110111000100010001111000100010001110100010000
0101110111011101110111011101110111011101000100010001000100010111011101110110111011101110100011101110
0000100010001000100010001000100010001000111011101110111011100010001000100000010001000100011101000100
0111011101110111011101110111011101110111010001000100010001011101110111011111101110111011101000111010
0010001000100010001000100010001000100010001110111011101110001000100010001111000100010001000111010000
0101110111011101110111011101110111011101110100010001000101110111011101110110111011101110111010001110
0000100010001000100010001000100010001000100011101110111000100010001000100000010001000100010001110100
0111011101110111011101110111011101110111011101000100010111011101110111011111101110111011101110100010
0010001000100010001000100010001000100010001000111011100010001000100010001111000100010001000100011100
0101110111011101110111011101110111011101110111010001011101110111011101110110111011101110111011101010
0000100010001000100010001000100010001000100010001110001000100010001000100000010001000100010001000000
0111011101110111011101110111011101110111011101110101110111011101110111011111101110111011101110111110
0010001000100010001000100010001000100010001000100000100010001000100010001111000100010001000100011100
0101110111011101110111011101110111011101110111011111011101110111011101110110111011101110111011101010
