0000000000000000000000000000000000000000000000000010000000000000000000000000000000000000000000000000
0111111111111111111111111111111111111111111111111110111111111111111111111111111111111111111111111110
0011111111111111111111111111111111111111111111111100011111111111111111111111111111111111111111111100
0101111111111111111111111111111111111111111111111001101111111111111111111111111111111111111111111000
0100111111111111111111111111111111111111111111110010000111111111111111111111111111111111111111110010
0101011111111111111111111111111111111111111111100110111011111111111111111111111111111111111111100110
0101001111111111111111111111111111111111111111001000010001111111111111111111111111111111111111001000
0101010111111111111111111111111111111111111110011011110110111111111111111111111111111111111110011010
0101010011111111111111111111111111111111111100100001100000011111111111111111111111111111111100100010
0101010101111111111111111111111111111111111001101110001111101111111111111111111111111111111001101110
0101010100111111111111111111111111111111110010000100110111000111111111111111111111111111110010000100
0101010101011111111111111111111111111111100110111101000010011011111111111111111111111111100110111100
0101010101001111111111111111111111111111001000011001011110100001111111111111111111111111001000011000
0101010101010111111111111111111111111110011011100011001100101110111111111111111111111110011011100010
0101010101010011111111111111111111111100100001001100010001100100011111111111111111111100100001001110
0101010101010101111111111111111111111001101111010001110110001101101111111111111111111001101111010100
0101010101010100111111111111111111110010000110010110100000110000000111111111111111110010000110010100
0101010101010101011111111111111111100110111000110000101111000111111011111111111111100110111000110100
0101010101010101001111111111111111001000010011000111100110011011110001111111111111001000010011000100
0101010101010101010111111111111110011011110100011011001000100001100110111111111110011011110100011100
0101010101010101010011111111111100100001100101100000011011101110001000011111111100100001100101101000
0101010101010101010101111111111001101110001100001111100001000100111011101111111001101110001100001010
0101010101010101010100111111110010000100110001110111001111011101010001000111110010000100110001111010
0101010101010101010101011111100110111101000110100010010110001001010111011011100110111101000110110010
0101010101010101010101001111001000011001011000101110110000111011010010000001001000011001011000000110
0101010101010101010101010110011011100011000011100100000111010000010110111111011011100011000011111000
0101010101010101010101010000100001001100011101001101111010010111110000011110000001001100011101110010
0101010101010101010101010111101111010001101001010000110010110011100111101100111111010001101000100110
0101010101010101010101010011000110010110001011010111000110000101001011000001011110010110001011101000
0101010101010101010101010100011000110000111000010010011000111101011000011111001100110000111001001010
0101010101010101010101010101100011000111010011110110100011011001000011101110010001000111010011011010
0101010101010101010101010100001100011010010101100000101100000011011101000100110111011010010100000010
0101010101010101010101010101110001100010110100001111100001111100001001011101000010000010110101111110
0101010101010101010101010100100110001110000101110111001110111001111011001001011110111110000100111100
0101010101010101010101010101101000110100111100100010010100010010110000011011001100011100111101011000
0101010101010101010101010100001011000101011001101110110101110110000111100000010001101001011001000010
0101010101010101010101010101111000011101000010000100000100100000111011001111110110001011000011011110
0101010101010101010101010100110011101001011110111101111101101111010000010111100000111000011100001100
0101010101010101010101010101000101001011001100011000111000000110010111110011001111010011101001110000
0101010101010101010101010101011101011000010001100011010011111000110011100100010110010101001010100110
0101010101010101010101010101001001000011110110001100010101110011000101001101110000110101011010101000
0101010101010101010101010101011011011101100000110001110100100100011101010000100111000101000010101010
0101010101010101010101010101000000001000001111000110100101101101101001010111101010011101011110101010
0101010101010101010101010101011111111011110110011000101100000000001011010011001010101001001100101010
0101010101010101010101010101001111110001100000100011100001111111111000010100011010101011010001101010
0101010101010101010101010101010111100110001111101101001110111111110011110101100010101000010110001010
0101010101010101010101010101010011001000110111000001010100011111100101100100001110101011110000111010
0101010101010101010101010101010100011011000010011111010101101111001100001101110100101001100111010010
0101010101010101010101010101010101100000011110101110010100000110010001110000100101101010001010010110
0101010101010101010101010101010100001111101100100100110101111000110110100111101100001010111010110000
0101010101010101010101010101010101110111000001101101000100110011000000101011000001111010010010000110
0101010101010101010101010101010100100010011110000001011101000100011111101000011110110010110110111000
0101010101010101010101010101010101101110101100111111001001011101101111001011101100000110000000010010
0101010101010101010101010101010100000100100001011110011011001000000110011001000001111000111111110110
0101010101010101010101010101010101111101101111001100100000011011111000100011011110110011011111100000
0101010101010101010101010101010100111000000110010001101111100001110011101100001100000100001111001110
0101010101010101010101010101010101010011111000110110000111001110100101000001110001111101110110010100
0101010101010101010101010101010101010101110011000000111010010100101101011110100110111000100000110100
0101010101010101010101010101010101010100100100011111010010110101100001001100101000010011101111000100
0101010101010101010101010101010101010101101101101110010110000100001111010001101011110101000110011100
0101010101010101010101010101010101010100000000000100110000111101110110010110001001100101011000101000
0101010101010101010101010101010101010101111111111101000111011000100000110000111010001101000011101010
0101010101010101010101010101010101010100111111111001011010000011101111000111010010110001011101001010
0101010101010101010101010101010101010101011111110011000010111101000110011010010110000111001001011010
0101010101010101010101010101010101010101001111100100011110011001011000100010110000111010011011000010
0101010101010101010101010101010101010101010111001101101100100011000011101110000111010010100000011110
0101010101010101010101010101010101010101010010010000000001101100011101000100111010010110101111101100
0101010101010101010101010101010101010101010110110111111110000001101001011101010010110000100111000000
0101010101010101010101010101010101010101010000000011111100111110001011001001010110000111101010011110
0101010101010101010101010101010101010101010111111101111001011100111000011011010000111011001010101100
0101010101010101010101010101010101010101010011111000110011001001010011100000010111010000011010100000
0101010101010101010101010101010101010101010101110011000100011011010101001111110010010111100010101110
0101010101010101010101010101010101010101010100100100011101100000010101010111100110110011001110100100
0101010101010101010101010101010101010101010101101101101000001111110101010011001000000100010100101100
0101010101010101010101010101010101010101010100000000001011110111100101010100011011111101110101100000
0101010101010101010101010101010101010101010101111111111001100011001101010101100001111000100100001110
0101010101010101010101010101010101010101010100111111110010001100010001010100001110110011101101110100
0101010101010101010101010101010101010101010101011111100110110001110111010101110100000101000000100100
0101010101010101010101010101010101010101010101001111001000000110100010010100100101111101011111101100
0101010101010101010101010101010101010101010101010110011011111000101110110101101100111001001111000000
0101010101010101010101010101010101010101010101010000100001110011100100000100000001010011010110011110
0101010101010101010101010101010101010101010101010111101110100101001101111101111111010100010000101100
0101010101010101010101010101010101010101010101010011000100101101010000111000111110010101110111100000
0101010101010101010101010101010101010101010101010100011101100001010111010011011100110100100011001110
0101010101010101010101010101010101010101010101010101101000001111010010010100001001000101101100010100
0101010101010101010101010101010101010101010101010100001011110110010110110101111011011100000001110100
0101010101010101010101010101010101010101010101010101111001100000110000000100110000001001111110100100
0101010101010101010101010101010101010101010101010100110010001111000111111101000111111010111100101100
0101010101010101010101010101010101010101010101010101000110110110011011111001011011110010011001100000
0101010101010101010101010101010101010101010101010101011000000000100001110011000001100110100010001110
0101010101010101010101010101010101010101010101010101000011111111101110100100011110001000101110110100
0101010101010101010101010101010101010101010101010101011101111111000100101101101100111011100100000100
0101010101010101010101010101010101010101010101010101001000111110011101100000000001010001001101111100
0101010101010101010101010101010101010101010101010101011011011100101000001111111111010111010000111000
0101010101010101010101010101010101010101010101010101000000001001101011110111111110010010010111010010
0101010101010101010101010101010101010101010101010101011111111010001001100011111100110110110010010110
0101010101010101010101010101010101010101010101010101001111110010111010001101111001000000000110110000
0101010101010101010101010101010101010101010101010101010111100110010010110000110011011111111000000110
0101010101010101010101010101010101010101010101010101010011001000110110000111000100001111110011111000
0101010101010101010101010101010101010101010101010101010100011011000000111010011101110111100101110010
