0000000000000000000000000000000000000000000000000010000000000000000000000000000000000000000000000000
0111111111111111111111111111111111111111111111111011111111111111111111111111111111111111111111111110
0000000000000000000000000000000000000000000000001000000000000000000000000000000000000000000000000010
0111111111111111111111111111111111111111111111101111111111111111111111111111111111111111111111111010
0000000000000000000000000000000000000000000000100000000000000000000000000000000000000000000000001010
0111111111111111111111111111111111111111111110111111111111111111111111111111111111111111111111101010
0000000000000000000000000000000000000000000010000000000000000000000000000000000000000000000000101010
0111111111111111111111111111111111111111111011111111111111111111111111111111111111111111111110101010
0000000000000000000000000000000000000000001000000000000000000000000000000000000000000000000010101010
0111111111111111111111111111111111111111101111111111111111111111111111111111111111111111111010101010
0000000000000000000000000000000000000000100000000000000000000000000000000000000000000000001010101010
0111111111111111111111111111111111111110111111111111111111111111111111111111111111111111101010101010
0000000000000000000000000000000000000010000000000000000000000000000000000000000000000000101010101010
0111111111111111111111111111111111111011111111111111111111111111111111111111111111111110101010101010
0000000000000000000000000000000000001000000000000000000000000000000000000000000000000010101010101010
0111111111111111111111111111111111101111111111111111111111111111111111111111111111111010101010101010
0000000000000000000000000000000000100000000000000000000000000000000000000000000000001010101010101010
0111111111111111111111111111111110111111111111111111111111111111111111111111111111101010101010101010
0000000000000000000000000000000010000000000000000000000000000000000000000000000000101010101010101010
0111111111111111111111111111111011111111111111111111111111111111111111111111111110101010101010101010
0000000000000000000000000000001000000000000000000000000000000000000000000000000010101010101010101010
0111111111111111111111111111101111111111111111111111111111111111111111111111111010101010101010101010
0000000000000000000000000000100000000000000000000000000000000000000000000000001010101010101010101010
0111111111111111111111111110111111111111111111111111111111111111111111111111101010101010101010101010
0000000000000000000000000010000000000000000000000000000000000000000000000000101010101010101010101010
0111111111111111111111111011111111111111111111111111111111111111111111111110101010101010101010101010
0000000000000000000000001000000000000000000000000000000000000000000000000010101010101010101010101010
0111111111111111111111101111111111111111111111111111111111111111111111111010101010101010101010101010
0000000000000000000000100000000000000000000000000000000000000000000000001010101010101010101010101010
0111111111111111111110111111111111111111111111111111111111111111111111101010101010101010101010101010
0000000000000000000010000000000000000000000000000000000000000000000000101010101010101010101010101010
0111111111111111111011111111111111111111111111111111111111111111111110101010101010101010101010101010
0000000000000000001000000000000000000000000000000000000000000000000010101010101010101010101010101010
0111111111111111101111111111111111111111111111111111111111111111111010101010101010101010101010101010
0000000000000000100000000000000000000000000000000000000000000000001010101010101010101010101010101010
0111111111111110111111111111111111111111111111111111111111111111101010101010101010101010101010101010
0000000000000010000000000000000000000000000000000000000000000000101010101010101010101010101010101010
0111111111111011111111111111111111111111111111111111111111111110101010101010101010101010101010101010
0000000000001000000000000000000000000000000000000000000000000010101010101010101010101010101010101010
0111111111101111111111111111111111111111111111111111111111111010101010101010101010101010101010101010
0000000000100000000000000000000000000000000000000000000000001010101010101010101010101010101010101010
0111111110111111111111111111111111111111111111111111111111101010101010101010101010101010101010101010
0000000010000000000000000000000000000000000000000000000000101010101010101010101010101010101010101010
0111111011111111111111111111111111111111111111111111111110101010101010101010101010101010101010101010
0000001000000000000000000000000000000000000000000000000010101010101010101010101010101010101010101010
0111101111111111111111111111111111111111111111111111111010101010101010101010101010101010101010101010
0000100000000000000000000000000000000000000000000000001010101010101010101010101010101010101010101010
0110111111111111111111111111111111111111111111111111101010101010101010101010101010101010101010101010
0010000000000000000000000000000000000000000000000000101010101010101010101010101010101010101010101010
0011111111111111111111111111111111111111111111111110101010101010101010101010101010101010101010101010
0000000000000000000000000000000000000000000000000010101010101010101010101010101010101010101010101010
0111111111111111111111111111111111111111111111111010101010101010101010101010101010101010101010101010
0000000000000000000000000000000000000000000000001010101010101010101010101010101010101010101010101010
0111111111111111111111111111111111111111111111101010101010101010101010101010101010101010101010101010
0000000000000000000000000000000000000000000000101010101010101010101010101010101010101010101010101010
0111111111111111111111111111111111111111111110101010101010101010101010101010101010101010101010101010
0000000000000000000000000000000000000000000010101010101010101010101010101010101010101010101010101010
0111111111111111111111111111111111111111111010101010101010101010101010101010101010101010101010101010
0000000000000000000000000000000000000000001010101010101010101010101010101010101010101010101010101010
0111111111111111111111111111111111111111101010101010101010101010101010101010101010101010101010101010
0000000000000000000000000000000000000000101010101010101010101010101010101010101010101010101010101010
0111111111111111111111111111111111111110101010101010101010101010101010101010101010101010101010101010
0000000000000000000000000000000000000010101010101010101010101010101010101010101010101010101010101010
0111111111111111111111111111111111111010101010101010101010101010101010101010101010101010101010101010
0000000000000000000000000000000000001010101010101010101010101010101010101010101010101010101010101010
0111111111111111111111111111111111101010101010101010101010101010101010101010101010101010101010101010
0000000000000000000000000000000000101010101010101010101010101010101010101010101010101010101010101010
0111111111111111111111111111111110101010101010101010101010101010101010101010101010101010101010101010
0000000000000000000000000000000010101010101010101010101010101010101010101010101010101010101010101010
0111111111111111111111111111111010101010101010101010101010101010101010101010101010101010101010101010
0000000000000000000000000000001010101010101010101010101010101010101010101010101010101010101010101010
0111111111111111111111111111101010101010101010101010101010101010101010101010101010101010101010101010
0000000000000000000000000000101010101010101010101010101010101010101010101010101010101010101010101010
0111111111111111111111111110101010101010101010101010101010101010101010101010101010101010101010101010
0000000000000000000000000010101010101010101010101010101010101010101010101010101010101010101010101010
0111111111111111111111111010101010101010101010101010101010101010101010101010101010101010101010101010
0000000000000000000000001010101010101010101010101010101010101010101010101010101010101010101010101010
0111111111111111111111101010101010101010101010101010101010101010101010101010101010101010101010101010
0000000000000000000000101010101010101010101010101010101010101010101010101010101010101010101010101010
0111111111111111111110101010101010101010101010101010101010101010101010101010101010101010101010101010
0000000000000000000010101010101010101010101010101010101010101010101010101010101010101010101010101010
0111111111111111111010101010101010101010101010101010101010101010101010101010101010101010101010101010
0000000000000000001010101010101010101010101010101010101010101010101010101010101010101010101010101010
0111111111111111101010101010101010101010101010101010101010101010101010101010101010101010101010101010
0000000000000000101010101010101010101010101010101010101010101010101010101010101010101010101010101010
0111111111111110101010101010101010101010101010101010101010101010101010101010101010101010101010101010
0000000000000010101010101010101010101010101010101010101010101010101010101010101010101010101010101010
0111111111111010101010101010101010101010101010101010101010101010101010101010101010101010101010101010
0000000000001010101010101010101010101010101010101010101010101010101010101010101010101010101010101010
0111111111101010101010101010101010101010101010101010101010101010101010101010101010101010101010101010
0000000000101010101010101010101010101010101010101010101010101010101010101010101010101010101010101010
0111111110101010101010101010101010101010101010101010101010101010101010101010101010101010101010101010
0000000010101010101010101010101010101010101010101010101010101010101010101010101010101010101010101010
0111111010101010101010101010101010101010101010101010101010101010101010101010101010101010101010101010
0000001010101010101010101010101010101010101010101010101010101010101010101010101010101010101010101010
0111101010101010101010101010101010101010101010101010101010101010101010101010101010101010101010101010
0000101010101010101010101010101010101010101010101010101010101010101010101010101010101010101010101010
0110101010101010101010101010101010101010101010101010101010101010101010101010101010101010101010101010
0010101010101010101010101010101010101010101010101010101010101010101010101010101010101010101010101010
0010101010101010101010101010101010101010101010101010101010101010101010101010101010101010101010101010
