0000000000000000000000000000000000000000000000000010000000000000000000000000000000000000000000000000
0000000000000000000000000000000000000000000000000111000000000000000000000000000000000000000000000000
0000000000000000000000000000000000000000000000001010100000000000000000000000000000000000000000000000
0000000000000000000000000000000000000000000000011010110000000000000000000000000000000000000000000000
0000000000000000000000000000000000000000000000100010001000000000000000000000000000000000000000000000
0000000000000000000000000000000000000000000001110111011100000000000000000000000000000000000000000000
0000000000000000000000000000000000000000000010100010001010000000000000000000000000000000000000000000
0000000000000000000000000000000000000000000110110111011011000000000000000000000000000000000000000000
0000000000000000000000000000000000000000001000000010000000100000000000000000000000000000000000000000
0000000000000000000000000000000000000000011100000111000001110000000000000000000000000000000000000000
0000000000000000000000000000000000000000101010001010100010101000000000000000000000000000000000000000
0000000000000000000000000000000000000001101011011010110110101100000000000000000000000000000000000000
0000000000000000000000000000000000000010001000000010000000100010000000000000000000000000000000000000
0000000000000000000000000000000000000111011100000111000001110111000000000000000000000000000000000000
0000000000000000000000000000000000001010001010001010100010100010100000000000000000000000000000000000
0000000000000000000000000000000000011011011011011010110110110110110000000000000000000000000000000000
0000000000000000000000000000000000100000000000000010000000000000001000000000000000000000000000000000
0000000000000000000000000000000001110000000000000111000000000000011100000000000000000000000000000000
0000000000000000000000000000000010101000000000001010100000000000101010000000000000000000000000000000
0000000000000000000000000000000110101100000000011010110000000001101011000000000000000000000000000000
0000000000000000000000000000001000100010000000100010001000000010001000100000000000000000000000000000
0000000000000000000000000000011101110111000001110111011100000111011101110000000000000000000000000000
0000000000000000000000000000101000100010100010100010001010001010001000101000000000000000000000000000
0000000000000000000000000001101101110110110110110111011011011011011101101100000000000000000000000000
0000000000000000000000000010000000100000000000000010000000000000001000000010000000000000000000000000
0000000000000000000000000111000001110000000000000111000000000000011100000111000000000000000000000000
0000000000000000000000001010100010101000000000001010100000000000101010001010100000000000000000000000
0000000000000000000000011010110110101100000000011010110000000001101011011010110000000000000000000000
0000000000000000000000100010000000100010000000100010001000000010001000000010001000000000000000000000
0000000000000000000001110111000001110111000001110111011100000111011100000111011100000000000000000000
0000000000000000000010100010100010100010100010100010001010001010001010001010001010000000000000000000
0000000000000000000110110110110110110110110110110111011011011011011011011011011011000000000000000000
0000000000000000001000000000000000000000000000000010000000000000000000000000000000100000000000000000
0000000000000000011100000000000000000000000000000111000000000000000000000000000001110000000000000000
0000000000000000101010000000000000000000000000001010100000000000000000000000000010101000000000000000
0000000000000001101011000000000000000000000000011010110000000000000000000000000110101100000000000000
0000000000000010001000100000000000000000000000100010001000000000000000000000001000100010000000000000
0000000000000111011101110000000000000000000001110111011100000000000000000000011101110111000000000000
0000000000001010001000101000000000000000000010100010001010000000000000000000101000100010100000000000
0000000000011011011101101100000000000000000110110111011011000000000000000001101101110110110000000000
0000000000100000001000000010000000000000001000000010000000100000000000000010000000100000001000000000
0000000001110000011100000111000000000000011100000111000001110000000000000111000001110000011100000000
0000000010101000101010001010100000000000101010001010100010101000000000001010100010101000101010000000
0000000110101101101011011010110000000001101011011010110110101100000000011010110110101101101011000000
0000001000100000001000000010001000000010001000000010000000100010000000100010000000100000001000100000
0000011101110000011100000111011100000111011100000111000001110111000001110111000001110000011101110000
0000101000101000101010001010001010001010001010001010100010100010100010100010100010101000101000101000
0001101101101101101011011011011011011011011011011010110110110110110110110110110110101101101101101100
0010000000000000001000000000000000000000000000000010000000000000000000000000000000100000000000000010
0111000000000000011100000000000000000000000000000111000000000000000000000000000001110000000000000110
0010100000000000101010000000000000000000000000001010100000000000000000000000000010101000000000001000
0110110000000001101011000000000000000000000000011010110000000000000000000000000110101100000000011100
0000001000000010001000100000000000000000000000100010001000000000000000000000001000100010000000101010
0000011100000111011101110000000000000000000001110111011100000000000000000000011101110111000001101010
0000101010001010001000101000000000000000000010100010001010000000000000000000101000100010100010001010
0001101011011011011101101100000000000000000110110111011011000000000000000001101101110110110111011010
0010001000000000001000000010000000000000001000000010000000100000000000000010000000100000000010000010
0111011100000000011100000111000000000000011100000111000001110000000000000111000001110000000111000110
0010001010000000101010001010100000000000101010001010100010101000000000001010100010101000001010101000
0111011011000001101011011010110000000001101011011010110110101100000000011010110110101100011010101100
0010000000100010001000000010001000000010001000000010000000100010000000100010000000100010100010100010
0111000001110111011100000111011100000111011100000111000001110111000001110111000001110110110110110110
0010100010100010001010001010001010001010001010001010100010100010100010100010100010100000000000000000
0110110110110111011011011011011011011011011011011010110110110110110110110110110110110000000000000000
0000000000000010000000000000000000000000000000000010000000000000000000000000000000001000000000000000
0000000000000111000000000000000000000000000000000111000000000000000000000000000000011100000000000000
0000000000001010100000000000000000000000000000001010100000000000000000000000000000101010000000000000
0000000000011010110000000000000000000000000000011010110000000000000000000000000001101011000000000000
0000000000100010001000000000000000000000000000100010001000000000000000000000000010001000100000000000
0000000001110111011100000000000000000000000001110111011100000000000000000000000111011101110000000000
0000000010100010001010000000000000000000000010100010001010000000000000000000001010001000101000000000
0000000110110111011011000000000000000000000110110111011011000000000000000000011011011101101100000000
0000001000000010000000100000000000000000001000000010000000100000000000000000100000001000000010000000
0000011100000111000001110000000000000000011100000111000001110000000000000001110000011100000111000000
0000101010001010100010101000000000000000101010001010100010101000000000000010101000101010001010100000
0001101011011010110110101100000000000001101011011010110110101100000000000110101101101011011010110000
0010001000000010000000100010000000000010001000000010000000100010000000001000100000001000000010001000
0111011100000111000001110111000000000111011100000111000001110111000000011101110000011100000111011100
0010001010001010100010100010100000001010001010001010100010100010100000101000101000101010001010001010
0111011011011010110110110110110000011011011011011010110110110110110001101101101101101011011011011010
0010000000000010000000000000001000100000000000000010000000000000001010000000000000001000000000000010
0111000000000111000000000000011101110000000000000111000000000000011011000000000000011100000000000110
0010100000001010100000000000101000101000000000001010100000000000100000100000000000101010000000001000
0110110000011010110000000001101101101100000000011010110000000001110001110000000001101011000000011100
0000001000100010001000000010000000000010000000100010001000000010101010101000000010001000100000101010
0000011101110111011100000111000000000111000001110111011100000110101010101100000111011101110001101010
0000101000100010001010001010100000001010100010100010001010001000101010100010001010001000101010001010
0001101101110111011011011010110000011010110110110111011011011101101010110111011011011101101011011010
0010000000100010000000000010001000100010000000000010000000001000001010000010000000001000001000000010
0111000001110111000000000111011101110111000000000111000000011100011011000111000000011100011100000110
0010100010100010100000001010001000100010100000001010100000101010100000101010100000101010101010001000
0110110110110110110000011011011101110110110000011010110001101010110001101010110001101010101011011100
0000000000000000001000100000001000100000001000100010001010001010001010001010001010001010101000001010
0000000000000000011101110000011101110000011101110111011011011011011011011011011011011010101100011010
0000000000000000101000101000101000101000101000100010000000000000000000000000000000000010100010100010
0000000000000001101101101101101101101101101101110111000000000000000000000000000000000110110110110110
0000000000000010000000000000000000000000000000100010100000000000000000000000000000001000000000000000
0000000000000111000000000000000000000000000001110110110000000000000000000000000000011100000000000000
0000000000001010100000000000000000000000000010100000001000000000000000000000000000101010000000000000
0000000000011010110000000000000000000000000110110000011100000000000000000000000001101011000000000000
