0000000000000000000000000000000000000000000000000010000000000000000000000000000000000000000000000000
0111111111111111111111111111111111111111111111111111111111111111111111111111111111111111111111111110
0011111111111111111111111111111111111111111111111111111111111111111111111111111111111111111111111100
0101111111111111111111111111111111111111111111111111111111111111111111111111111111111111111111111010
0100111111111111111111111111111111111111111111111111111111111111111111111111111111111111111111110010
0111011111111111111111111111111111111111111111111111111111111111111111111111111111111111111111101110
0010001111111111111111111111111111111111111111111111111111111111111111111111111111111111111111000100
0111110111111111111111111111111111111111111111111111111111111111111111111111111111111111111110111110
0011100011111111111111111111111111111111111111111111111111111111111111111111111111111111111100011100
0101011101111111111111111111111111111111111111111111111111111111111111111111111111111111111011101010
0101001000111111111111111111111111111111111111111111111111111111111111111111111111111111110001001010
0101111111011111111111111111111111111111111111111111111111111111111111111111111111111111101111111010
0100111110001111111111111111111111111111111111111111111111111111111111111111111111111111000111110010
0111011101110111111111111111111111111111111111111111111111111111111111111111111111111110111011101110
0010001000100011111111111111111111111111111111111111111111111111111111111111111111111100010001000100
0111111111111101111111111111111111111111111111111111111111111111111111111111111111111011111111111110
0011111111111000111111111111111111111111111111111111111111111111111111111111111111110001111111111100
0101111111110111011111111111111111111111111111111111111111111111111111111111111111101110111111111010
0100111111100010001111111111111111111111111111111111111111111111111111111111111111000100011111110010
0111011111011111110111111111111111111111111111111111111111111111111111111111111110111111101111101110
0010001110001111100011111111111111111111111111111111111111111111111111111111111100011111000111000100
0111110101110111011101111111111111111111111111111111111111111111111111111111111011101110111010111110
0011100100100010001000111111111111111111111111111111111111111111111111111111110001000100010010011100
0101011111111111111111011111111111111111111111111111111111111111111111111111101111111111111111101010
0101001111111111111110001111111111111111111111111111111111111111111111111111000111111111111111001010
0101110111111111111101110111111111111111111111111111111111111111111111111110111011111111111110111010
0100100011111111111000100011111111111111111111111111111111111111111111111100010001111111111100010010
0111111101111111110111111101111111111111111111111111111111111111111111111011111110111111111011111110
0011111000111111100011111000111111111111111111111111111111111111111111110001111100011111110001111100
0101110111011111011101110111011111111111111111111111111111111111111111101110111011101111101110111010
0100100010001110001000100010001111111111111111111111111111111111111111000100010001000111000100010010
0111111111110101111111111111110111111111111111111111111111111111111110111111111111111010111111111110
0011111111100100111111111111100011111111111111111111111111111111111100011111111111110010011111111100
0101111111011111011111111111011101111111111111111111111111111111111011101111111111101111101111111010
0100111110001110001111111110001000111111111111111111111111111111110001000111111111000111000111110010
0111011101110101110111111101111111011111111111111111111111111111101111111011111110111010111011101110
0010001000100100100011111000111110001111111111111111111111111111000111110001111100010010010001000100
0111111111111111111101110111011101110111111111111111111111111110111011101110111011111111111111111110
0011111111111111111000100010001000100011111111111111111111111100010001000100010001111111111111111100
0101111111111111110111111111111111111101111111111111111111111011111111111111111110111111111111111010
0100111111111111100011111111111111111000111111111111111111110001111111111111111100011111111111110010
0111011111111111011101111111111111110111011111111111111111101110111111111111111011101111111111101110
0010001111111110001000111111111111100010001111111111111111000100011111111111110001000111111111000100
0111110111111101111111011111111111011111110111111111111110111111101111111111101111111011111110111110
0011100011111000111110001111111110001111100011111111111100011111000111111111000111110001111100011100
0101011101110111011101110111111101110111011101111111111011101110111011111110111011101110111011101010
0101001000100010001000100011111000100010001000111111110001000100010001111100010001000100010001001010
0101111111111111111111111101110111111111111111011111101111111111111110111011111111111111111111111010
0100111111111111111111111000100011111111111110001111000111111111111100010001111111111111111111110010
0111011111111111111111110111111101111111111101110110111011111111111011111110111111111111111111101110
0010001111111111111111100011111000111111111000100000010001111111110001111100011111111111111111000100
0111110111111111111111011101110111011111110111111111111110111111101110111011101111111111111110111110
0011100011111111111110001000100010001111100011111111111100011111000100010001000111111111111100011100
0101011101111111111101111111111111110111011101111111111011101110111111111111111011111111111011101010
0101001000111111111000111111111111100010001000111111110001000100011111111111110001111111110001001010
0101111111011111110111011111111111011111111111011111101111111111101111111111101110111111101111111010
0100111110001111100010001111111110001111111110001111000111111111000111111111000100011111000111110010
0111011101110111011111110111111101110111111101110110111011111110111011111110111111101110111011101110
0010001000100010001111100011111000100011111000100000010001111100010001111100011111000100010001000100
0111111111111111110111011101110111111101110111111111111110111011111110111011101110111111111111111110
0011111111111111100010001000100011111000100011111111111100010001111100010001000100011111111111111100
0101111111111111011111111111111101110111111101111111111011111110111011111111111111101111111111111010
0100111111111110001111111111111000100011111000111111110001111100010001111111111111000111111111110010
0111011111111101110111111111110111111101110111011111101110111011111110111111111110111011111111101110
0010001111111000100011111111100011111000100010001111000100010001111100011111111100010001111111000100
0111110111110111111101111111011101110111111111110110111111111110111011101111111011111110111110111110
0011100011100011111000111110001000100011111111100000011111111100010001000111110001111100011100011100
0101011101011101110111011101111111111101111111011111101111111011111111111011101110111011101011101010
0101001001001000100010001000111111111000111110001111000111110001111111110001000100010001001001001010
0101111111111111111111111111011111110111011101110110111011101110111111101111111111111111111111111010
0100111111111111111111111110001111100010001000100000010001000100011111000111111111111111111111110010
0111011111111111111111111101110111011111111111111111111111111111101110111011111111111111111111101110
0010001111111111111111111000100010001111111111111111111111111111000100010001111111111111111111000100
0111110111111111111111110111111111110111111111111111111111111110111111111110111111111111111110111110
0011100011111111111111100011111111100011111111111111111111111100011111111100011111111111111100011100
0101011101111111111111011101111111011101111111111111111111111011101111111011101111111111111011101010
0101001000111111111110001000111110001000111111111111111111110001000111110001000111111111110001001010
0101111111011111111101111111011101111111011111111111111111101111111011101111111011111111101111111010
0100111110001111111000111110001000111110001111111111111111000111110001000111110001111111000111110010
0111011101110111110111011101111111011101110111111111111110111011101111111011101110111110111011101110
0010001000100011100010001000111110001000100011111111111100010001000111110001000100011100010001000100
0111111111111101011111111111011101111111111101111111111011111111111011101111111111101011111111111110
0011111111111001001111111110001000111111111000111111110001111111110001000111111111001001111111111100
0101111111110111110111111101111111011111110111011111101110111111101111111011111110111110111111111010
0100111111100011100011111000111110001111100010001111000100011111000111110001111100011100011111110010
0111011111011101011101110111011101110111011111110110111111101110111011101110111011101011101111101110
0010001110001001001000100010001000100010001111100000011111000100010001000100010001001001000111000100
0111110101111111111111111111111111111111110111011111101110111111111111111111111111111111111010111110
0011100100111111111111111111111111111111100010001111000100011111111111111111111111111111110010011100
0101011111011111111111111111111111111111011111110110111111101111111111111111111111111111101111101010
0101001110001111111111111111111111111110001111100000011111000111111111111111111111111111000111001010
0101110101110111111111111111111111111101110111011111101110111011111111111111111111111110111010111010
0100100100100011111111111111111111111000100010001111000100010001111111111111111111111100010010010010
0111111111111101111111111111111111110111111111110110111111111110111111111111111111111011111111111110
0011111111111000111111111111111111100011111111100000011111111100011111111111111111110001111111111100
0101111111110111011111111111111111011101111111011111101111111011101111111111111111101110111111111010
0100111111100010001111111111111110001000111110001111000111110001000111111111111111000100011111110010
0111011111011111110111111111111101111111011101110110111011101111111011111111111110111111101111101110
0010001110001111100011111111111000111110001000100000010001000111110001111111111100011111000111000100
0111110101110111011101111111110111011101111111111111111111111011101110111111111011101110111010111110
