0000000000000000000000000000000000000000000000000010000000000000000000000000000000000000000000000000
0111111111111111111111111111111111111111111111111100111111111111111111111111111111111111111111111110
0011111111111111111111111111111111111111111111111101011111111111111111111111111111111111111111111110
0101111111111111111111111111111111111111111111111100001111111111111111111111111111111111111111111110
0000111111111111111111111111111111111111111111111101110111111111111111111111111111111111111111111110
0111011111111111111111111111111111111111111111111100110011111111111111111111111111111111111111111110
0011001111111111111111111111111111111111111111111101010101111111111111111111111111111111111111111110
0101010111111111111111111111111111111111111111111100000000111111111111111111111111111111111111111110
0000000011111111111111111111111111111111111111111101111111011111111111111111111111111111111111111110
0111111101111111111111111111111111111111111111111100111111001111111111111111111111111111111111111110
0011111100111111111111111111111111111111111111111101011111010111111111111111111111111111111111111110
0101111101011111111111111111111111111111111111111100001111000011111111111111111111111111111111111110
0000111100001111111111111111111111111111111111111101110111011101111111111111111111111111111111111110
0111011101110111111111111111111111111111111111111100110011001100111111111111111111111111111111111110
0011001100110011111111111111111111111111111111111101010101010101011111111111111111111111111111111110
0101010101010101111111111111111111111111111111111100000000000000001111111111111111111111111111111110
0000000000000000111111111111111111111111111111111101111111111111110111111111111111111111111111111110
0111111111111111011111111111111111111111111111111100111111111111110011111111111111111111111111111110
0011111111111111001111111111111111111111111111111101011111111111110101111111111111111111111111111110
0101111111111111010111111111111111111111111111111100001111111111110000111111111111111111111111111110
0000111111111111000011111111111111111111111111111101110111111111110111011111111111111111111111111110
0111011111111111011101111111111111111111111111111100110011111111110011001111111111111111111111111110
0011001111111111001100111111111111111111111111111101010101111111110101010111111111111111111111111110
0101010111111111010101011111111111111111111111111100000000111111110000000011111111111111111111111110
0000000011111111000000001111111111111111111111111101111111011111110111111101111111111111111111111110
0111111101111111011111110111111111111111111111111100111111001111110011111100111111111111111111111110
0011111100111111001111110011111111111111111111111101011111010111110101111101011111111111111111111110
0101111101011111010111110101111111111111111111111100001111000011110000111100001111111111111111111110
0000111100001111000011110000111111111111111111111101110111011101110111011101110111111111111111111110
0111011101110111011101110111011111111111111111111100110011001100110011001100110011111111111111111110
0011001100110011001100110011001111111111111111111101010101010101010101010101010101111111111111111110
0101010101010101010101010101010111111111111111111100000000000000000000000000000000111111111111111110
0000000000000000000000000000000011111111111111111101111111111111111111111111111111011111111111111110
0111111111111111111111111111111101111111111111111100111111111111111111111111111111001111111111111110
0011111111111111111111111111111100111111111111111101011111111111111111111111111111010111111111111110
0101111111111111111111111111111101011111111111111100001111111111111111111111111111000011111111111110
0000111111111111111111111111111100001111111111111101110111111111111111111111111111011101111111111110
0111011111111111111111111111111101110111111111111100110011111111111111111111111111001100111111111110
0011001111111111111111111111111100110011111111111101010101111111111111111111111111010101011111111110
0101010111111111111111111111111101010101111111111100000000111111111111111111111111000000001111111110
0000000011111111111111111111111100000000111111111101111111011111111111111111111111011111110111111110
0111111101111111111111111111111101111111011111111100111111001111111111111111111111001111110011111110
0011111100111111111111111111111100111111001111111101011111010111111111111111111111010111110101111110
0101111101011111111111111111111101011111010111111100001111000011111111111111111111000011110000111110
0000111100001111111111111111111100001111000011111101110111011101111111111111111111011101110111011110
0111011101110111111111111111111101110111011101111100110011001100111111111111111111001100110011001110
0011001100110011111111111111111100110011001100111101010101010101011111111111111111010101010101010110
0101010101010101111111111111111101010101010101011100000000000000001111111111111111000000000000000010
0000000000000000111111111111111100000000000000001101111111111111110111111111111111011111111111111100
0111111111111111011111111111111101111111111111110100111111111111110011111111111111001111111111111100
0011111111111111001111111111111100111111111111110001011111111111110101111111111111010111111111111100
0101111111111111010111111111111101011111111111110110001111111111110000111111111111000011111111111100
0000111111111111000011111111111100001111111111110010110111111111110111011111111111011101111111111100
0111011111111111011101111111111101110111111111110100010011111111110011001111111111001100111111111100
0011001111111111001100111111111100110011111111110001100101111111110101010111111111010101011111111100
0101010111111111010101011111111101010101111111110110101000111111110000000011111111000000001111111100
0000000011111111000000001111111100000000111111110010000011011111110111111101111111011111110111111100
0111111101111111011111110111111101111111011111110100111101001111110011111100111111001111110011111100
0011111100111111001111110011111100111111001111110001011100010111110101111101011111010111110101111100
0101111101011111010111110101111101011111010111110110001101100011110000111100001111000011110000111100
0000111100001111000011110000111100001111000011110010110100101101110111011101110111011101110111011100
0111011101110111011101110111011101110111011101110100010001000100110011001100110011001100110011001100
0011001100110011001100110011001100110011001100110001100110011001010101010101010101010101010101010100
0101010101010101010101010101010101010101010101010110101010101010000000000000000000000000000000000000
0000000000000000000000000000000000000000000000000010000000000000111111111111111111111111111111111110
0111111111111111111111111111111111111111111111111100111111111111011111111111111111111111111111111110
0011111111111111111111111111111111111111111111111101011111111111001111111111111111111111111111111110
0101111111111111111111111111111111111111111111111100001111111111010111111111111111111111111111111110
0000111111111111111111111111111111111111111111111101110111111111000011111111111111111111111111111110
0111011111111111111111111111111111111111111111111100110011111111011101111111111111111111111111111110
0011001111111111111111111111111111111111111111111101010101111111001100111111111111111111111111111110
0101010111111111111111111111111111111111111111111100000000111111010101011111111111111111111111111110
0000000011111111111111111111111111111111111111111101111111011111000000001111111111111111111111111110
0111111101111111111111111111111111111111111111111100111111001111011111110111111111111111111111111110
0011111100111111111111111111111111111111111111111101011111010111001111110011111111111111111111111110
0101111101011111111111111111111111111111111111111100001111000011010111110101111111111111111111111110
0000111100001111111111111111111111111111111111111101110111011101000011110000111111111111111111111110
0111011101110111111111111111111111111111111111111100110011001100011101110111011111111111111111111110
0011001100110011111111111111111111111111111111111101010101010101101100110011001111111111111111111110
0101010101010101111111111111111111111111111111111100000000000000100101010101010111111111111111111110
0000000000000000111111111111111111111111111111111101111111111111001000000000000011111111111111111110
0111111111111111011111111111111111111111111111111100111111111111010011111111111101111111111111111110
0011111111111111001111111111111111111111111111111101011111111111000101111111111100111111111111111110
0101111111111111010111111111111111111111111111111100001111111111011000111111111101011111111111111110
0000111111111111000011111111111111111111111111111101110111111111001011011111111100001111111111111110
0111011111111111011101111111111111111111111111111100110011111111010001001111111101110111111111111110
0011001111111111001100111111111111111111111111111101010101111111000110010111111100110011111111111110
0101010111111111010101011111111111111111111111111100000000111111011010100011111101010101111111111110
0000000011111111000000001111111111111111111111111101111111011111001000001101111100000000111111111110
0111111101111111011111110111111111111111111111111100111111001111010011110100111101111111011111111110
0011111100111111001111110011111111111111111111111101011111010111000101110001011100111111001111111110
0101111101011111010111110101111111111111111111111100001111000011011000110110001101011111010111111110
0000111100001111000011110000111111111111111111111101110111011101001011010010110100001111000011111110
0111011101110111011101110111011111111111111111111100110011001100010001000100010001110111011101111110
0011001100110011001100110011001111111111111111111101010101010101100110011001100110110011001100111110
0101010101010101010101010101010111111111111111111100000000000000101010101010101010010101010101011110
0000000000000000000000000000000011111111111111111101111111111111000000000000000000100000000000001110
0111111111111111111111111111111101111111111111111100111111111111011111111111111111001111111111110110
0011111111111111111111111111111100111111111111111101011111111111001111111111111111010111111111110010
0101111111111111111111111111111101011111111111111100001111111111010111111111111111000011111111110100
