0000000000000000000000000000000000000000000000000010000000000000000000000000000000000000000000000000
0111111111111111111111111111111111111111111111111101111111111111111111111111111111111111111111111110
0011111111111111111111111111111111111111111111111100111111111111111111111111111111111111111111111110
0101111111111111111111111111111111111111111111111111011111111111111111111111111111111111111111111110
0000111111111111111111111111111111111111111111111111001111111111111111111111111111111111111111111110
0111011111111111111111111111111111111111111111111111110111111111111111111111111111111111111111111110
0011001111111111111111111111111111111111111111111111110011111111111111111111111111111111111111111110
0101110111111111111111111111111111111111111111111111111101111111111111111111111111111111111111111110
0000110011111111111111111111111111111111111111111111111100111111111111111111111111111111111111111110
0111011101111111111111111111111111111111111111111111111111011111111111111111111111111111111111111110
0011001100111111111111111111111111111111111111111111111111001111111111111111111111111111111111111110
0101110111011111111111111111111111111111111111111111111111110111111111111111111111111111111111111110
0000110011001111111111111111111111111111111111111111111111110011111111111111111111111111111111111110
0111011101110111111111111111111111111111111111111111111111111101111111111111111111111111111111111110
0011001100110011111111111111111111111111111111111111111111111100111111111111111111111111111111111110
0101110111011101111111111111111111111111111111111111111111111111011111111111111111111111111111111110
0000110011001100111111111111111111111111111111111111111111111111001111111111111111111111111111111110
0111011101110111011111111111111111111111111111111111111111111111110111111111111111111111111111111110
0011001100110011001111111111111111111111111111111111111111111111110011111111111111111111111111111110
0101110111011101110111111111111111111111111111111111111111111111111101111111111111111111111111111110
0000110011001100110011111111111111111111111111111111111111111111111100111111111111111111111111111110
0111011101110111011101111111111111111111111111111111111111111111111111011111111111111111111111111110
0011001100110011001100111111111111111111111111111111111111111111111111001111111111111111111111111110
0101110111011101110111011111111111111111111111111111111111111111111111110111111111111111111111111110
0000110011001100110011001111111111111111111111111111111111111111111111110011111111111111111111111110
0111011101110111011101110111111111111111111111111111111111111111111111111101111111111111111111111110
0011001100110011001100110011111111111111111111111111111111111111111111111100111111111111111111111110
0101110111011101110111011101111111111111111111111111111111111111111111111111011111111111111111111110
0000110011001100110011001100111111111111111111111111111111111111111111111111001111111111111111111110
0111011101110111011101110111011111111111111111111111111111111111111111111111110111111111111111111110
0011001100110011001100110011001111111111111111111111111111111111111111111111110011111111111111111110
0101110111011101110111011101110111111111111111111111111111111111111111111111111101111111111111111110
0000110011001100110011001100110011111111111111111111111111111111111111111111111100111111111111111110
0111011101110111011101110111011101111111111111111111111111111111111111111111111111011111111111111110
0011001100110011001100110011001100111111111111111111111111111111111111111111111111001111111111111110
0101110111011101110111011101110111011111111111111111111111111111111111111111111111110111111111111110
0000110011001100110011001100110011001111111111111111111111111111111111111111111111110011111111111110
0111011101110111011101110111011101110111111111111111111111111111111111111111111111111101111111111110
0011001100110011001100110011001100110011111111111111111111111111111111111111111111111100111111111110
0101110111011101110111011101110111011101111111111111111111111111111111111111111111111111011111111110
0000110011001100110011001100110011001100111111111111111111111111111111111111111111111111001111111110
0111011101110111011101110111011101110111011111111111111111111111111111111111111111111111110111111110
0011001100110011001100110011001100110011001111111111111111111111111111111111111111111111110011111110
0101110111011101110111011101110111011101110111111111111111111111111111111111111111111111111101111110
0000110011001100110011001100110011001100110011111111111111111111111111111111111111111111111100111110
0111011101110111011101110111011101110111011101111111111111111111111111111111111111111111111111011110
0011001100110011001100110011001100110011001100111111111111111111111111111111111111111111111111001110
0101110111011101110111011101110111011101110111011111111111111111111111111111111111111111111111110110
0000110011001100110011001100110011001100110011001111111111111111111111111111111111111111111111110010
0111011101110111011101110111011101110111011101110111111111111111111111111111111111111111111111111100
0011001100110011001100110011001100110011001100110011111111111111111111111111111111111111111111111110
0101110111011101110111011101110111011101110111011101111111111111111111111111111111111111111111111110
0000110011001100110011001100110011001100110011001100111111111111111111111111111111111111111111111110
0111011101110111011101110111011101110111011101110111011111111111111111111111111111111111111111111110
0011001100110011001100110011001100110011001100110011001111111111111111111111111111111111111111111110
0101110111011101110111011101110111011101110111011101110111111111111111111111111111111111111111111110
0000110011001100110011001100110011001100110011001100110011111111111111111111111111111111111111111110
0111011101110111011101110111011101110111011101110111011101111111111111111111111111111111111111111110
0011001100110011001100110011001100110011001100110011001100111111111111111111111111111111111111111110
0101110111011101110111011101110111011101110111011101110111011111111111111111111111111111111111111110
0000110011001100110011001100110011001100110011001100110011001111111111111111111111111111111111111110
0111011101110111011101110111011101110111011101110111011101110111111111111111111111111111111111111110
0011001100110011001100110011001100110011001100110011001100110011111111111111111111111111111111111110
0101110111011101110111011101110111011101110111011101110111011101111111111111111111111111111111111110
0000110011001100110011001100110011001100110011001100110011001100111111111111111111111111111111111110
0111011101110111011101110111011101110111011101110111011101110111011111111111111111111111111111111110
0011001100110011001100110011001100110011001100110011001100110011001111111111111111111111111111111110
0101110111011101110111011101110111011101110111011101110111011101110111111111111111111111111111111110
0000110011001100110011001100110011001100110011001100110011001100110011111111111111111111111111111110
0111011101110111011101110111011101110111011101110111011101110111011101111111111111111111111111111110
0011001100110011001100110011001100110011001100110011001100110011001100111111111111111111111111111110
0101110111011101110111011101110111011101110111011101110111011101110111011111111111111111111111111110
0000110011001100110011001100110011001100110011001100110011001100110011001111111111111111111111111110
0111011101110111011101110111011101110111011101110111011101110111011101110111111111111111111111111110
0011001100110011001100110011001100110011001100110011001100110011001100110011111111111111111111111110
0101110111011101110111011101110111011101110111011101110111011101110111011101111111111111111111111110
0000110011001100110011001100110011001100110011001100110011001100110011001100111111111111111111111110
0111011101110111011101110111011101110111011101110111011101110111011101110111011111111111111111111110
0011001100110011001100110011001100110011001100110011001100110011001100110011001111111111111111111110
0101110111011101110111011101110111011101110111011101110111011101110111011101110111111111111111111110
0000110011001100110011001100110011001100110011001100110011001100110011001100110011111111111111111110
0111011101110111011101110111011101110111011101110111011101110111011101110111011101111111111111111110
0011001100110011001100110011001100110011001100110011001100110011001100110011001100111111111111111110
0101110111011101110111011101110111011101110111011101110111011101110111011101110111011111111111111110
0000110011001100110011001100110011001100110011001100110011001100110011001100110011001111111111111110
0111011101110111011101110111011101110111011101110111011101110111011101110111011101110111111111111110
0011001100110011001100110011001100110011001100110011001100110011001100110011001100110011111111111110
0101110111011101110111011101110111011101110111011101110111011101110111011101110111011101111111111110
0000110011001100110011001100110011001100110011001100110011001100110011001100110011001100111111111110
0111011101110111011101110111011101110111011101110111011101110111011101110111011101110111011111111110
0011001100110011001100110011001100110011001100110011001100110011001100110011001100110011001111111110
0101110111011101110111011101110111011101110111011101110111011101110111011101110111011101110111111110
0000110011001100110011001100110011001100110011001100110011001100110011001100110011001100110011111110
0111011101110111011101110111011101110111011101110111011101110111011101110111011101110111011101111110
0011001100110011001100110011001100110011001100110011001100110011001100110011001100110011001100111110
0101110111011101110111011101110111011101110111011101110111011101110111011101110111011101110111011110
0000110011001100110011001100110011001100110011001100110011001100110011001100110011001100110011001110
0111011101110111011101110111011101110111011101110111011101110111011101110111011101110111011101110110
0011001100110011001100110011001100110011001100110011001100110011001100110011001100110011001100110010
0101110111011101110111011101110111011101110111011101110111011101110111011101110111011101110111011100
