0000000000000000000000000000000000000000000000000010000000000000000000000000000000000000000000000000
0000000000000000000000000000000000000000000000000110000000000000000000000000000000000000000000000000
0000000000000000000000000000000000000000000000001010000000000000000000000000000000000000000000000000
0000000000000000000000000000000000000000000000011010000000000000000000000000000000000000000000000000
0000000000000000000000000000000000000000000000101010000000000000000000000000000000000000000000000000
0000000000000000000000000000000000000000000001101010000000000000000000000000000000000000000000000000
0000000000000000000000000000000000000000000010101010000000000000000000000000000000000000000000000000
0000000000000000000000000000000000000000000110101010000000000000000000000000000000000000000000000000
0000000000000000000000000000000000000000001010101010000000000000000000000000000000000000000000000000
0000000000000000000000000000000000000000011010101010000000000000000000000000000000000000000000000000
0000000000000000000000000000000000000000101010101010000000000000000000000000000000000000000000000000
0000000000000000000000000000000000000001101010101010000000000000000000000000000000000000000000000000
0000000000000000000000000000000000000010101010101010000000000000000000000000000000000000000000000000
0000000000000000000000000000000000000110101010101010000000000000000000000000000000000000000000000000
0000000000000000000000000000000000001010101010101010000000000000000000000000000000000000000000000000
0000000000000000000000000000000000011010101010101010000000000000000000000000000000000000000000000000
0000000000000000000000000000000000101010101010101010000000000000000000000000000000000000000000000000
0000000000000000000000000000000001101010101010101010000000000000000000000000000000000000000000000000
0000000000000000000000000000000010101010101010101010000000000000000000000000000000000000000000000000
0000000000000000000000000000000110101010101010101010000000000000000000000000000000000000000000000000
0000000000000000000000000000001010101010101010101010000000000000000000000000000000000000000000000000
0000000000000000000000000000011010101010101010101010000000000000000000000000000000000000000000000000
0000000000000000000000000000101010101010101010101010000000000000000000000000000000000000000000000000
0000000000000000000000000001101010101010101010101010000000000000000000000000000000000000000000000000
0000000000000000000000000010101010101010101010101010000000000000000000000000000000000000000000000000
0000000000000000000000000110101010101010101010101010000000000000000000000000000000000000000000000000
0000000000000000000000001010101010101010101010101010000000000000000000000000000000000000000000000000
0000000000000000000000011010101010101010101010101010000000000000000000000000000000000000000000000000
0000000000000000000000101010101010101010101010101010000000000000000000000000000000000000000000000000
0000000000000000000001101010101010101010101010101010000000000000000000000000000000000000000000000000
0000000000000000000010101010101010101010101010101010000000000000000000000000000000000000000000000000
0000000000000000000110101010101010101010101010101010000000000000000000000000000000000000000000000000
0000000000000000001010101010101010101010101010101010000000000000000000000000000000000000000000000000
0000000000000000011010101010101010101010101010101010000000000000000000000000000000000000000000000000
0000000000000000101010101010101010101010101010101010000000000000000000000000000000000000000000000000
0000000000000001101010101010101010101010101010101010000000000000000000000000000000000000000000000000
0000000000000010101010101010101010101010101010101010000000000000000000000000000000000000000000000000
0000000000000110101010101010101010101010101010101010000000000000000000000000000000000000000000000000
0000000000001010101010101010101010101010101010101010000000000000000000000000000000000000000000000000
0000000000011010101010101010101010101010101010101010000000000000000000000000000000000000000000000000
0000000000101010101010101010101010101010101010101010000000000000000000000000000000000000000000000000
0000000001101010101010101010101010101010101010101010000000000000000000000000000000000000000000000000
0000000010101010101010101010101010101010101010101010000000000000000000000000000000000000000000000000
0000000110101010101010101010101010101010101010101010000000000000000000000000000000000000000000000000
0000001010101010101010101010101010101010101010101010000000000000000000000000000000000000000000000000
0000011010101010101010101010101010101010101010101010000000000000000000000000000000000000000000000000
0000101010101010101010101010101010101010101010101010000000000000000000000000000000000000000000000000
0001101010101010101010101010101010101010101010101010000000000000000000000000000000000000000000000000
0010101010101010101010101010101010101010101010101010000000000000000000000000000000000000000000000000
0110101010101010101010101010101010101010101010101010000000000000000000000000000000000000000000000000
0010101010101010101010101010101010101010101010101010000000000000000000000000000000000000000000000000
0110101010101010101010101010101010101010101010101010000000000000000000000000000000000000000000000000
0010101010101010101010101010101010101010101010101010000000000000000000000000000000000000000000000000
0110101010101010101010101010101010101010101010101010000000000000000000000000000000000000000000000000
0010101010101010101010101010101010101010101010101010000000000000000000000000000000000000000000000000
0110101010101010101010101010101010101010101010101010000000000000000000000000000000000000000000000000
0010101010101010101010101010101010101010101010101010000000000000000000000000000000000000000000000000
0110101010101010101010101010101010101010101010101010000000000000000000000000000000000000000000000000
0010101010101010101010101010101010101010101010101010000000000000000000000000000000000000000000000000
0110101010101010101010101010101010101010101010101010000000000000000000000000000000000000000000000000
0010101010101010101010101010101010101010101010101010000000000000000000000000000000000000000000000000
0110101010101010101010101010101010101010101010101010000000000000000000000000000000000000000000000000
0010101010101010101010101010101010101010101010101010000000000000000000000000000000000000000000000000
0110101010101010101010101010101010101010101010101010000000000000000000000000000000000000000000000000
0010101010101010101010101010101010101010101010101010000000000000000000000000000000000000000000000000
0110101010101010101010101010101010101010101010101010000000000000000000000000000000000000000000000000
0010101010101010101010101010101010101010101010101010000000000000000000000000000000000000000000000000
0110101010101010101010101010101010101010101010101010000000000000000000000000000000000000000000000000
0010101010101010101010101010101010101010101010101010000000000000000000000000000000000000000000000000
0110101010101010101010101010101010101010101010101010000000000000000000000000000000000000000000000000
0010101010101010101010101010101010101010101010101010000000000000000000000000000000000000000000000000
0110101010101010101010101010101010101010101010101010000000000000000000000000000000000000000000000000
0010101010101010101010101010101010101010101010101010000000000000000000000000000000000000000000000000
0110101010101010101010101010101010101010101010101010000000000000000000000000000000000000000000000000
0010101010101010101010101010101010101010101010101010000000000000000000000000000000000000000000000000
0110101010101010101010101010101010101010101010101010000000000000000000000000000000000000000000000000
0010101010101010101010101010101010101010101010101010000000000000000000000000000000000000000000000000
0110101010101010101010101010101010101010101010101010000000000000000000000000000000000000000000000000
0010101010101010101010101010101010101010101010101010000000000000000000000000000000000000000000000000
0110101010101010101010101010101010101010101010101010000000000000000000000000000000000000000000000000
0010101010101010101010101010101010101010101010101010000000000000000000000000000000000000000000000000
0110101010101010101010101010101010101010101010101010000000000000000000000000000000000000000000000000
0010101010101010101010101010101010101010101010101010000000000000000000000000000000000000000000000000
0110101010101010101010101010101010101010101010101010000000000000000000000000000000000000000000000000
0010101010101010101010101010101010101010101010101010000000000000000000000000000000000000000000000000
0110101010101010101010101010101010101010101010101010000000000000000000000000000000000000000000000000
0010101010101010101010101010101010101010101010101010000000000000000000000000000000000000000000000000
0110101010101010101010101010101010101010101010101010000000000000000000000000000000000000000000000000
0010101010101010101010101010101010101010101010101010000000000000000000000000000000000000000000000000
0110101010101010101010101010101010101010101010101010000000000000000000000000000000000000000000000000
0010101010101010101010101010101010101010101010101010000000000000000000000000000000000000000000000000
0110101010101010101010101010101010101010101010101010000000000000000000000000000000000000000000000000
0010101010101010101010101010101010101010101010101010000000000000000000000000000000000000000000000000
0110101010101010101010101010101010101010101010101010000000000000000000000000000000000000000000000000
0010101010101010101010101010101010101010101010101010000000000000000000000000000000000000000000000000
0110101010101010101010101010101010101010101010101010000000000000000000000000000000000000000000000000
0010101010101010101010101010101010101010101010101010000000000000000000000000000000000000000000000000
0110101010101010101010101010101010101010101010101010000000000000000000000000000000000000000000000000
0010101010101010101010101010101010101010101010101010000000000000000000000000000000000000000000000000
0110101010101010101010101010101010101010101010101010000000000000000000000000000000000000000000000000
