0000000000000000000000000000000000000000000000000010000000000000000000000000000000000000000000000000
0111111111111111111111111111111111111111111111111110111111111111111111111111111111111111111111111110
0011111111111111111111111111111111111111111111111110011111111111111111111111111111111111111111111110
0101111111111111111111111111111111111111111111111110101111111111111111111111111111111111111111111110
0100111111111111111111111111111111111111111111111110100111111111111111111111111111111111111111111110
0101011111111111111111111111111111111111111111111110101011111111111111111111111111111111111111111110
0101001111111111111111111111111111111111111111111110101001111111111111111111111111111111111111111110
0101010111111111111111111111111111111111111111111110101010111111111111111111111111111111111111111110
0101010011111111111111111111111111111111111111111110101010011111111111111111111111111111111111111110
0101010101111111111111111111111111111111111111111110101010101111111111111111111111111111111111111110
0101010100111111111111111111111111111111111111111110101010100111111111111111111111111111111111111110
0101010101011111111111111111111111111111111111111110101010101011111111111111111111111111111111111110
0101010101001111111111111111111111111111111111111110101010101001111111111111111111111111111111111110
0101010101010111111111111111111111111111111111111110101010101010111111111111111111111111111111111110
0101010101010011111111111111111111111111111111111110101010101010011111111111111111111111111111111110
0101010101010101111111111111111111111111111111111110101010101010101111111111111111111111111111111110
0101010101010100111111111111111111111111111111111110101010101010100111111111111111111111111111111110
0101010101010101011111111111111111111111111111111110101010101010101011111111111111111111111111111110
0101010101010101001111111111111111111111111111111110101010101010101001111111111111111111111111111110
0101010101010101010111111111111111111111111111111110101010101010101010111111111111111111111111111110
0101010101010101010011111111111111111111111111111110101010101010101010011111111111111111111111111110
0101010101010101010101111111111111111111111111111110101010101010101010101111111111111111111111111110
0101010101010101010100111111111111111111111111111110101010101010101010100111111111111111111111111110
0101010101010101010101011111111111111111111111111110101010101010101010101011111111111111111111111110
0101010101010101010101001111111111111111111111111110101010101010101010101001111111111111111111111110
0101010101010101010101010111111111111111111111111110101010101010101010101010111111111111111111111110
0101010101010101010101010011111111111111111111111110101010101010101010101010011111111111111111111110
0101010101010101010101010101111111111111111111111110101010101010101010101010101111111111111111111110
0101010101010101010101010100111111111111111111111110101010101010101010101010100111111111111111111110
0101010101010101010101010101011111111111111111111110101010101010101010101010101011111111111111111110
0101010101010101010101010101001111111111111111111110101010101010101010101010101001111111111111111110
0101010101010101010101010101010111111111111111111110101010101010101010101010101010111111111111111110
0101010101010101010101010101010011111111111111111110101010101010101010101010101010011111111111111110
0101010101010101010101010101010101111111111111111110101010101010101010101010101010101111111111111110
0101010101010101010101010101010100111111111111111110101010101010101010101010101010100111111111111110
0101010101010101010101010101010101011111111111111110101010101010101010101010101010101011111111111110
0101010101010101010101010101010101001111111111111110101010101010101010101010101010101001111111111110
0101010101010101010101010101010101010111111111111110101010101010101010101010101010101010111111111110
0101010101010101010101010101010101010011111111111110101010101010101010101010101010101010011111111110
0101010101010101010101010101010101010101111111111110101010101010101010101010101010101010101111111110
0101010101010101010101010101010101010100111111111110101010101010101010101010101010101010100111111110
0101010101010101010101010101010101010101011111111110101010101010101010101010101010101010101011111110
0101010101010101010101010101010101010101001111111110101010101010101010101010101010101010101001111110
0101010101010101010101010101010101010101010111111110101010101010101010101010101010101010101010111110
0101010101010101010101010101010101010101010011111110101010101010101010101010101010101010101010011110
0101010101010101010101010101010101010101010101111110101010101010101010101010101010101010101010101110
0101010101010101010101010101010101010101010100111110101010101010101010101010101010101010101010100110
0101010101010101010101010101010101010101010101011110101010101010101010101010101010101010101010101010
0101010101010101010101010101010101010101010101001110101010101010101010101010101010101010101010101010
0101010101010101010101010101010101010101010101010110101010101010101010101010101010101010101010101010
0101010101010101010101010101010101010101010101010010101010101010101010101010101010101010101010101010
0101010101010101010101010101010101010101010101010110101010101010101010101010101010101010101010101010
0101010101010101010101010101010101010101010101010010101010101010101010101010101010101010101010101010
0101010101010101010101010101010101010101010101010110101010101010101010101010101010101010101010101010
0101010101010101010101010101010101010101010101010010101010101010101010101010101010101010101010101010
0101010101010101010101010101010101010101010101010110101010101010101010101010101010101010101010101010
0101010101010101010101010101010101010101010101010010101010101010101010101010101010101010101010101010
0101010101010101010101010101010101010101010101010110101010101010101010101010101010101010101010101010
0101010101010101010101010101010101010101010101010010101010101010101010101010101010101010101010101010
0101010101010101010101010101010101010101010101010110101010101010101010101010101010101010101010101010
0101010101010101010101010101010101010101010101010010101010101010101010101010101010101010101010101010
0101010101010101010101010101010101010101010101010110101010101010101010101010101010101010101010101010
0101010101010101010101010101010101010101010101010010101010101010101010101010101010101010101010101010
0101010101010101010101010101010101010101010101010110101010101010101010101010101010101010101010101010
0101010101010101010101010101010101010101010101010010101010101010101010101010101010101010101010101010
0101010101010101010101010101010101010101010101010110101010101010101010101010101010101010101010101010
0101010101010101010101010101010101010101010101010010101010101010101010101010101010101010101010101010
0101010101010101010101010101010101010101010101010110101010101010101010101010101010101010101010101010
0101010101010101010101010101010101010101010101010010101010101010101010101010101010101010101010101010
0101010101010101010101010101010101010101010101010110101010101010101010101010101010101010101010101010
0101010101010101010101010101010101010101010101010010101010101010101010101010101010101010101010101010
0101010101010101010101010101010101010101010101010110101010101010101010101010101010101010101010101010
0101010101010101010101010101010101010101010101010010101010101010101010101010101010101010101010101010
0101010101010101010101010101010101010101010101010110101010101010101010101010101010101010101010101010
0101010101010101010101010101010101010101010101010010101010101010101010101010101010101010101010101010
0101010101010101010101010101010101010101010101010110101010101010101010101010101010101010101010101010
0101010101010101010101010101010101010101010101010010101010101010101010101010101010101010101010101010
0101010101010101010101010101010101010101010101010110101010101010101010101010101010101010101010101010
0101010101010101010101010101010101010101010101010010101010101010101010101010101010101010101010101010
0101010101010101010101010101010101010101010101010110101010101010101010101010101010101010101010101010
0101010101010101010101010101010101010101010101010010101010101010101010101010101010101010101010101010
0101010101010101010101010101010101010101010101010110101010101010101010101010101010101010101010101010
0101010101010101010101010101010101010101010101010010101010101010101010101010101010101010101010101010
0101010101010101010101010101010101010101010101010110101010101010101010101010101010101010101010101010
0101010101010101010101010101010101010101010101010010101010101010101010101010101010101010101010101010
0101010101010101010101010101010101010101010101010110101010101010101010101010101010101010101010101010
0101010101010101010101010101010101010101010101010010101010101010101010101010101010101010101010101010
0101010101010101010101010101010101010101010101010110101010101010101010101010101010101010101010101010
0101010101010101010101010101010101010101010101010010101010101010101010101010101010101010101010101010
0101010101010101010101010101010101010101010101010110101010101010101010101010101010101010101010101010
0101010101010101010101010101010101010101010101010010101010101010101010101010101010101010101010101010
0101010101010101010101010101010101010101010101010110101010101010101010101010101010101010101010101010
0101010101010101010101010101010101010101010101010010101010101010101010101010101010101010101010101010
0101010101010101010101010101010101010101010101010110101010101010101010101010101010101010101010101010
0101010101010101010101010101010101010101010101010010101010101010101010101010101010101010101010101010
0101010101010101010101010101010101010101010101010110101010101010101010101010101010101010101010101010
0101010101010101010101010101010101010101010101010010101010101010101010101010101010101010101010101010
0101010101010101010101010101010101010101010101010110101010101010101010101010101010101010101010101010
0101010101010101010101010101010101010101010101010010101010101010101010101010101010101010101010101010
0101010101010101010101010101010101010101010101010110101010101010101010101010101010101010101010101010
