0000000000000000000000000000000000000000000000000010000000000000000000000000000000000000000000000000
0000000000000000000000000000000000000000000000000111000000000000000000000000000000000000000000000000
0000000000000000000000000000000000000000000000001011100000000000000000000000000000000000000000000000
0000000000000000000000000000000000000000000000011001110000000000000000000000000000000000000000000000
0000000000000000000000000000000000000000000000101110111000000000000000000000000000000000000000000000
0000000000000000000000000000000000000000000001100110011100000000000000000000000000000000000000000000
0000000000000000000000000000000000000000000010111011101110000000000000000000000000000000000000000000
0000000000000000000000000000000000000000000110011001100111000000000000000000000000000000000000000000
0000000000000000000000000000000000000000001011101110111011100000000000000000000000000000000000000000
0000000000000000000000000000000000000000011001100110011001110000000000000000000000000000000000000000
0000000000000000000000000000000000000000101110111011101110111000000000000000000000000000000000000000
0000000000000000000000000000000000000001100110011001100110011100000000000000000000000000000000000000
0000000000000000000000000000000000000010111011101110111011101110000000000000000000000000000000000000
0000000000000000000000000000000000000110011001100110011001100111000000000000000000000000000000000000
0000000000000000000000000000000000001011101110111011101110111011100000000000000000000000000000000000
0000000000000000000000000000000000011001100110011001100110011001110000000000000000000000000000000000
0000000000000000000000000000000000101110111011101110111011101110111000000000000000000000000000000000
0000000000000000000000000000000001100110011001100110011001100110011100000000000000000000000000000000
0000000000000000000000000000000010111011101110111011101110111011101110000000000000000000000000000000
0000000000000000000000000000000110011001100110011001100110011001100111000000000000000000000000000000
0000000000000000000000000000001011101110111011101110111011101110111011100000000000000000000000000000
0000000000000000000000000000011001100110011001100110011001100110011001110000000000000000000000000000
0000000000000000000000000000101110111011101110111011101110111011101110111000000000000000000000000000
0000000000000000000000000001100110011001100110011001100110011001100110011100000000000000000000000000
0000000000000000000000000010111011101110111011101110111011101110111011101110000000000000000000000000
0000000000000000000000000110011001100110011001100110011001100110011001100111000000000000000000000000
0000000000000000000000001011101110111011101110111011101110111011101110111011100000000000000000000000
0000000000000000000000011001100110011001100110011001100110011001100110011001110000000000000000000000
0000000000000000000000101110111011101110111011101110111011101110111011101110111000000000000000000000
0000000000000000000001100110011001100110011001100110011001100110011001100110011100000000000000000000
0000000000000000000010111011101110111011101110111011101110111011101110111011101110000000000000000000
0000000000000000000110011001100110011001100110011001100110011001100110011001100111000000000000000000
0000000000000000001011101110111011101110111011101110111011101110111011101110111011100000000000000000
0000000000000000011001100110011001100110011001100110011001100110011001100110011001110000000000000000
0000000000000000101110111011101110111011101110111011101110111011101110111011101110111000000000000000
0000000000000001100110011001100110011001100110011001100110011001100110011001100110011100000000000000
0000000000000010111011101110111011101110111011101110111011101110111011101110111011101110000000000000
0000000000000110011001100110011001100110011001100110011001100110011001100110011001100111000000000000
0000000000001011101110111011101110111011101110111011101110111011101110111011101110111011100000000000
0000000000011001100110011001100110011001100110011001100110011001100110011001100110011001110000000000
0000000000101110111011101110111011101110111011101110111011101110111011101110111011101110111000000000
0000000001100110011001100110011001100110011001100110011001100110011001100110011001100110011100000000
0000000010111011101110111011101110111011101110111011101110111011101110111011101110111011101110000000
0000000110011001100110011001100110011001100110011001100110011001100110011001100110011001100111000000
0000001011101110111011101110111011101110111011101110111011101110111011101110111011101110111011100000
0000011001100110011001100110011001100110011001100110011001100110011001100110011001100110011001110000
0000101110111011101110111011101110111011101110111011101110111011101110111011101110111011101110111000
0001100110011001100110011001100110011001100110011001100110011001100110011001100110011001100110011100
0010111011101110111011101110111011101110111011101110111011101110111011101110111011101110111011101110
0110011001100110011001100110011001100110011001100110011001100110011001100110011001100110011001100110
0011101110111011101110111011101110111011101110111011101110111011101110111011101110111011101110111010
0101100110011001100110011001100110011001100110011001100110011001100110011001100110011001100110011010
0100111011101110111011101110111011101110111011101110111011101110111011101110111011101110111011101010
0111011001100110011001100110011001100110011001100110011001100110011001100110011001100110011001101010
0011001110111011101110111011101110111011101110111011101110111011101110111011101110111011101110101010
0101110110011001100110011001100110011001100110011001100110011001100110011001100110011001100110101010
0100110011101110111011101110111011101110111011101110111011101110111011101110111011101110111010101010
0111011101100110011001100110011001100110011001100110011001100110011001100110011001100110011010101010
0011001100111011101110111011101110111011101110111011101110111011101110111011101110111011101010101010
0101110111011001100110011001100110011001100110011001100110011001100110011001100110011001101010101010
0100110011001110111011101110111011101110111011101110111011101110111011101110111011101110101010101010
0111011101110110011001100110011001100110011001100110011001100110011001100110011001100110101010101010
0011001100110011101110111011101110111011101110111011101110111011101110111011101110111010101010101010
0101110111011101100110011001100110011001100110011001100110011001100110011001100110011010101010101010
0100110011001100111011101110111011101110111011101110111011101110111011101110111011101010101010101010
0111011101110111011001100110011001100110011001100110011001100110011001100110011001101010101010101010
0011001100110011001110111011101110111011101110111011101110111011101110111011101110101010101010101010
0101110111011101110110011001100110011001100110011001100110011001100110011001100110101010101010101010
0100110011001100110011101110111011101110111011101110111011101110111011101110111010101010101010101010
0111011101110111011101100110011001100110011001100110011001100110011001100110011010101010101010101010
0011001100110011001100111011101110111011101110111011101110111011101110111011101010101010101010101010
0101110111011101110111011001100110011001100110011001100110011001100110011001101010101010101010101010
0100110011001100110011001110111011101110111011101110111011101110111011101110101010101010101010101010
0111011101110111011101110110011001100110011001100110011001100110011001100110101010101010101010101010
0011001100110011001100110011101110111011101110111011101110111011101110111010101010101010101010101010
0101110111011101110111011101100110011001100110011001100110011001100110011010101010101010101010101010
0100110011001100110011001100111011101110111011101110111011101110111011101010101010101010101010101010
0111011101110111011101110111011001100110011001100110011001100110011001101010101010101010101010101010
0011001100110011001100110011001110111011101110111011101110111011101110101010101010101010101010101010
0101110111011101110111011101110110011001100110011001100110011001100110101010101010101010101010101010
0100110011001100110011001100110011101110111011101110111011101110111010101010101010101010101010101010
0111011101110111011101110111011101100110011001100110011001100110011010101010101010101010101010101010
0011001100110011001100110011001100111011101110111011101110111011101010101010101010101010101010101010
0101110111011101110111011101110111011001100110011001100110011001101010101010101010101010101010101010
0100110011001100110011001100110011001110111011101110111011101110101010101010101010101010101010101010
0111011101110111011101110111011101110110011001100110011001100110101010101010101010101010101010101010
0011001100110011001100110011001100110011101110111011101110111010101010101010101010101010101010101010
0101110111011101110111011101110111011101100110011001100110011010101010101010101010101010101010101010
0100110011001100110011001100110011001100111011101110111011101010101010101010101010101010101010101010
0111011101110111011101110111011101110111011001100110011001101010101010101010101010101010101010101010
0011001100110011001100110011001100110011001110111011101110101010101010101010101010101010101010101010
0101110111011101110111011101110111011101110110011001100110101010101010101010101010101010101010101010
0100110011001100110011001100110011001100110011101110111010101010101010101010101010101010101010101010
0111011101110111011101110111011101110111011101100110011010101010101010101010101010101010101010101010
0011001100110011001100110011001100110011001100111011101010101010101010101010101010101010101010101010
0101110111011101110111011101110111011101110111011001101010101010101010101010101010101010101010101010
0100110011001100110011001100110011001100110011001110101010101010101010101010101010101010101010101010
0111011101110111011101110111011101110111011101110110101010101010101010101010101010101010101010101010
0011001100110011001100110011001100110011001100110010101010101010101010101010101010101010101010101010
0101110111011101110111011101110111011101110111011110101010101010101010101010101010101010101010101010
