0000000000000000000000000000000000000000000000000010000000000000000000000000000000000000000000000000
0111111111111111111111111111111111111111111111111111111111111111111111111111111111111111111111111110
0011111111111111111111111111111111111111111111111111111111111111111111111111111111111111111111111110
0101111111111111111111111111111111111111111111111111111111111111111111111111111111111111111111111110
0100111111111111111111111111111111111111111111111111111111111111111111111111111111111111111111111110
0111011111111111111111111111111111111111111111111111111111111111111111111111111111111111111111111110
0011001111111111111111111111111111111111111111111111111111111111111111111111111111111111111111111110
0101110111111111111111111111111111111111111111111111111111111111111111111111111111111111111111111110
0100110011111111111111111111111111111111111111111111111111111111111111111111111111111111111111111110
0111011101111111111111111111111111111111111111111111111111111111111111111111111111111111111111111110
0011001100111111111111111111111111111111111111111111111111111111111111111111111111111111111111111110
0101110111011111111111111111111111111111111111111111111111111111111111111111111111111111111111111110
0100110011001111111111111111111111111111111111111111111111111111111111111111111111111111111111111110
0111011101110111111111111111111111111111111111111111111111111111111111111111111111111111111111111110
0011001100110011111111111111111111111111111111111111111111111111111111111111111111111111111111111110
0101110111011101111111111111111111111111111111111111111111111111111111111111111111111111111111111110
0100110011001100111111111111111111111111111111111111111111111111111111111111111111111111111111111110
0111011101110111011111111111111111111111111111111111111111111111111111111111111111111111111111111110
0011001100110011001111111111111111111111111111111111111111111111111111111111111111111111111111111110
0101110111011101110111111111111111111111111111111111111111111111111111111111111111111111111111111110
0100110011001100110011111111111111111111111111111111111111111111111111111111111111111111111111111110
0111011101110111011101111111111111111111111111111111111111111111111111111111111111111111111111111110
0011001100110011001100111111111111111111111111111111111111111111111111111111111111111111111111111110
0101110111011101110111011111111111111111111111111111111111111111111111111111111111111111111111111110
0100110011001100110011001111111111111111111111111111111111111111111111111111111111111111111111111110
0111011101110111011101110111111111111111111111111111111111111111111111111111111111111111111111111110
0011001100110011001100110011111111111111111111111111111111111111111111111111111111111111111111111110
0101110111011101110111011101111111111111111111111111111111111111111111111111111111111111111111111110
0100110011001100110011001100111111111111111111111111111111111111111111111111111111111111111111111110
0111011101110111011101110111011111111111111111111111111111111111111111111111111111111111111111111110
0011001100110011001100110011001111111111111111111111111111111111111111111111111111111111111111111110
0101110111011101110111011101110111111111111111111111111111111111111111111111111111111111111111111110
0100110011001100110011001100110011111111111111111111111111111111111111111111111111111111111111111110
0111011101110111011101110111011101111111111111111111111111111111111111111111111111111111111111111110
0011001100110011001100110011001100111111111111111111111111111111111111111111111111111111111111111110
0101110111011101110111011101110111011111111111111111111111111111111111111111111111111111111111111110
0100110011001100110011001100110011001111111111111111111111111111111111111111111111111111111111111110
0111011101110111011101110111011101110111111111111111111111111111111111111111111111111111111111111110
0011001100110011001100110011001100110011111111111111111111111111111111111111111111111111111111111110
0101110111011101110111011101110111011101111111111111111111111111111111111111111111111111111111111110
0100110011001100110011001100110011001100111111111111111111111111111111111111111111111111111111111110
0111011101110111011101110111011101110111011111111111111111111111111111111111111111111111111111111110
0011001100110011001100110011001100110011001111111111111111111111111111111111111111111111111111111110
0101110111011101110111011101110111011101110111111111111111111111111111111111111111111111111111111110
0100110011001100110011001100110011001100110011111111111111111111111111111111111111111111111111111110
0111011101110111011101110111011101110111011101111111111111111111111111111111111111111111111111111110
0011001100110011001100110011001100110011001100111111111111111111111111111111111111111111111111111110
0101110111011101110111011101110111011101110111011111111111111111111111111111111111111111111111111110
0100110011001100110011001100110011001100110011001111111111111111111111111111111111111111111111111110
0111011101110111011101110111011101110111011101110111111111111111111111111111111111111111111111111110
0011001100110011001100110011001100110011001100110011111111111111111111111111111111111111111111111110
0101110111011101110111011101110111011101110111011101111111111111111111111111111111111111111111111110
0100110011001100110011001100110011001100110011001100111111111111111111111111111111111111111111111110
0111011101110111011101110111011101110111011101110111011111111111111111111111111111111111111111111110
0011001100110011001100110011001100110011001100110011001111111111111111111111111111111111111111111110
0101110111011101110111011101110111011101110111011101110111111111111111111111111111111111111111111110
0100110011001100110011001100110011001100110011001100110011111111111111111111111111111111111111111110
0111011101110111011101110111011101110111011101110111011101111111111111111111111111111111111111111110
0011001100110011001100110011001100110011001100110011001100111111111111111111111111111111111111111110
0101110111011101110111011101110111011101110111011101110111011111111111111111111111111111111111111110
0100110011001100110011001100110011001100110011001100110011001111111111111111111111111111111111111110
0111011101110111011101110111011101110111011101110111011101110111111111111111111111111111111111111110
0011001100110011001100110011001100110011001100110011001100110011111111111111111111111111111111111110
0101110111011101110111011101110111011101110111011101110111011101111111111111111111111111111111111110
0100110011001100110011001100110011001100110011001100110011001100111111111111111111111111111111111110
0111011101110111011101110111011101110111011101110111011101110111011111111111111111111111111111111110
0011001100110011001100110011001100110011001100110011001100110011001111111111111111111111111111111110
0101110111011101110111011101110111011101110111011101110111011101110111111111111111111111111111111110
0100110011001100110011001100110011001100110011001100110011001100110011111111111111111111111111111110
0111011101110111011101110111011101110111011101110111011101110111011101111111111111111111111111111110
0011001100110011001100110011001100110011001100110011001100110011001100111111111111111111111111111110
0101110111011101110111011101110111011101110111011101110111011101110111011111111111111111111111111110
0100110011001100110011001100110011001100110011001100110011001100110011001111111111111111111111111110
0111011101110111011101110111011101110111011101110111011101110111011101110111111111111111111111111110
0011001100110011001100110011001100110011001100110011001100110011001100110011111111111111111111111110
0101110111011101110111011101110111011101110111011101110111011101110111011101111111111111111111111110
0100110011001100110011001100110011001100110011001100110011001100110011001100111111111111111111111110
0111011101110111011101110111011101110111011101110111011101110111011101110111011111111111111111111110
0011001100110011001100110011001100110011001100110011001100110011001100110011001111111111111111111110
0101110111011101110111011101110111011101110111011101110111011101110111011101110111111111111111111110
0100110011001100110011001100110011001100110011001100110011001100110011001100110011111111111111111110
0111011101110111011101110111011101110111011101110111011101110111011101110111011101111111111111111110
0011001100110011001100110011001100110011001100110011001100110011001100110011001100111111111111111110
0101110111011101110111011101110111011101110111011101110111011101110111011101110111011111111111111110
0100110011001100110011001100110011001100110011001100110011001100110011001100110011001111111111111110
0111011101110111011101110111011101110111011101110111011101110111011101110111011101110111111111111110
0011001100110011001100110011001100110011001100110011001100110011001100110011001100110011111111111110
0101110111011101110111011101110111011101110111011101110111011101110111011101110111011101111111111110
0100110011001100110011001100110011001100110011001100110011001100110011001100110011001100111111111110
0111011101110111011101110111011101110111011101110111011101110111011101110111011101110111011111111110
0011001100110011001100110011001100110011001100110011001100110011001100110011001100110011001111111110
0101110111011101110111011101110111011101110111011101110111011101110111011101110111011101110111111110
0100110011001100110011001100110011001100110011001100110011001100110011001100110011001100110011111110
0111011101110111011101110111011101110111011101110111011101110111011101110111011101110111011101111110
0011001100110011001100110011001100110011001100110011001100110011001100110011001100110011001100111110
0101110111011101110111011101110111011101110111011101110111011101110111011101110111011101110111011110
0100110011001100110011001100110011001100110011001100110011001100110011001100110011001100110011001110
0111011101110111011101110111011101110111011101110111011101110111011101110111011101110111011101110110
0011001100110011001100110011001100110011001100110011001100110011001100110011001100110011001100110010
0101110111011101110111011101110111011101110111011101110111011101110111011101110111011101110111011110
