0000000000000000000000000000000000000000000000000010000000000000000000000000000000000000000000000000
0111111111111111111111111111111111111111111111111000111111111111111111111111111111111111111111111110
0011111111111111111111111111111111111111111111110010011111111111111111111111111111111111111111111100
0001111111111111111111111111111111111111111111100000001111111111111111111111111111111111111111111000
0100111111111111111111111111111111111111111111001111100111111111111111111111111111111111111111110010
0000011111111111111111111111111111111111111110000111000011111111111111111111111111111111111111100000
0111001111111111111111111111111111111111111100110010011001111111111111111111111111111111111111001110
0010000111111111111111111111111111111111111000000000000000111111111111111111111111111111111110000100
0000110011111111111111111111111111111111110011111111111110011111111111111111111111111111111100110000
0110000001111111111111111111111111111111100001111111111100001111111111111111111111111111111000000110
0000111100111111111111111111111111111111001100111111111001100111111111111111111111111111110011110000
0110011000011111111111111111111111111110000000011111110000000011111111111111111111111111100001100110
0000000011001111111111111111111111111100111111001111100111111001111111111111111111111111001100000000
0111111000000111111111111111111111111000011110000111000011110000111111111111111111111110000001111110
0011110011110011111111111111111111110011001100110010011001100110011111111111111111111100111100111100
0001100001100001111111111111111111100000000000000000000000000000001111111111111111111000011000011000
0100001100001100111111111111111111001111111111111111111111111111100111111111111111110011000011000010
0001100001100000011111111111111110000111111111111111111111111111000011111111111111100000011000011000
0100001100001111001111111111111100110011111111111111111111111110011001111111111111001111000011000010
0001100001100110000111111111111000000001111111111111111111111100000000111111111110000110011000011000
0100001100000000110011111111110011111100111111111111111111111001111110011111111100110000000011000010
0001100001111110000001111111100001111000011111111111111111110000111100001111111000000111111000011000
0100001100111100111100111111001100110011001111111111111111100110011001100111110011110011110011000010
0001100000011000011000011110000000000000000111111111111111000000000000000011100001100001100000011000
0100001111000011000011001100111111111111110011111111111110011111111111111001001100001100001111000010
0001100110011000011000000000011111111111100001111111111100001111111111110000000001100001100110011000
0100000000000011000011111111001111111111001100111111111001100111111111100111111100001100000000000010
0001111111111000011001111110000111111110000000011111110000000011111111000011111001100001111111111000
0100111111110011000000111100110011111100111111001111100111111001111110011001110000001100111111110010
0000011111100000011110011000000001111000011110000111000011110000111100000000100111100000011111100000
0111001111001111001100000011111100110011001100110010011001100110011001111110000011001111001111001110
0010000110000110000001111001111000000000000000000000000000000000000000111100111000000110000110000100
0000110000110000111100110000110011111111111111111111111111111111111110011000010011110000110000110000
0110000110000110011000000110000001111111111111111111111111111111111100000011000001100110000110000110
0000110000110000000011110000111100111111111111111111111111111111111001111000011100000000110000110000
0110000110000111111001100110011000011111111111111111111111111111110000110011001001111110000110000110
0000110000110011110000000000000011001111111111111111111111111111100110000000000000111100110000110000
0110000110000001100111111111111000000111111111111111111111111111000000111111111110011000000110000110
0000110000111100000011111111110011110011111111111111111111111110011110011111111100000011110000110000
0110000110011001111001111111100001100001111111111111111111111100001100001111111001111001100110000110
0000110000000000110000111111001100001100111111111111111111111001100001100111110000110000000000110000
0110000111111110000110011110000001100000011111111111111111110000001100000011100110000111111110000110
0000110011111100110000001100111100001111001111111111111111100111100001111001000000110011111100110000
0110000001111000000111100000011001100110000111111111111111000011001100110000011110000001111000000110
0000111100110011110011001111000000000000110011111111111110011000000000000111001100111100110011110000
0110011000000001100000000110011111111110000001111111111100000011111111110010000000011000000001100110
0000000011111100001111110000001111111100111100111111111001111001111111100000111111000011111100000000
0111111001111001100111100111100111111000011000011111110000110000111111001110011110011001111001111110
0011110000110000000011000011000011110011000011001111100110000110011110000100001100000000110000111100
0001100110000111111000011000011001100000011000000111000000110000001100110001100001111110000110011000
0100000000110011110011000011000000001111000011110010011110000111100000000100001100111100110000000010
0001111110000001100000011000011111100110011001100000001100110011001111110001100000011000000111111000
0100111100111100001111000011001111000000000000001111100000000000000111100100001111000011110011110010
0000011000011001100110011000000110011111111111100111001111111111110011000001100110011001100001100000
0111000011000000000000000011110000001111111111000010000111111111100000011100000000000000001100001110
0010011000011111111111111001100111100111111110011000110011111111001111001001111111111111100001100100
0000000011001111111111110000000011000011111100000010000001111110000110000000111111111111001100000000
0111111000000111111111100111111000011001111001111000111100111100110000111110011111111110000001111110
0011110011110011111111000011110011000000110000110010011000011000000110011100001111111100111100111100
0001100001100001111110011001100000011110000110000000000011000011110000001001100111111000011000011000
0100001100001100111100000000001111001100110000111111111000011001100111100000000011110011000011000010
0001100001100000011001111111100110000000000110011111110011000000000011001111111001100000011000011000
0100001100001111000000111111000000111111110000001111100000011111111000000111110000001111000011000010
0001100001100110011110011110011110011111100111100111001111001111110011110011100111100110011000011000
0100001100000000001100001100001100001111000011000010000110000111100001100001000011000000000011000010
0001100001111111100001100001100001100110011000011000110000110011001100001100011000011111111000011000
0100001100111111001100001100001100000000000011000010000110000000000001100001000011001111110011000010
0001100000011110000001100001100001111111111000011000110000111111111100001100011000000111100000011000
0100001111001100111100001100001100111111110011000010000110011111111001100001000011110011001111000010
0001100110000000011001100001100000011111100000011000110000001111110000001100011001100000000110011000
0100000000111111000000001100001111001111001111000010000111100111100111100001000000001111110000000010
0001111110011110011111100001100110000110000110011000110011000011000011001100011111100111100111111000
0100111100001100001111001100000000110000110000000010000000011000011000000001001111000011000011110010
0000011001100001100110000001111110000110000111111000111111000011000011111100000110011000011001100000
0111000000001100000000111100111100110000110011110010011110011000011001111001110000000011000000001110
0010011111100001111110011000011000000110000001100000001100000011000000110000100111111000011111100100
0000001111001100111100000011000011110000111100001111100001111000011110000110000011110011001111000000
0111100110000000011001111000011001100110011001100111001100110011001100110000111001100000000110011110
0011000000111111000000110011000000000000000000000010000000000000000000000110010000001111110000001100
0000011110011110011110000000011111111111111111111000111111111111111111110000000111100111100111100000
0111001100001100001100111111001111111111111111110010011111111111111111100111110011000011000011001110
0010000001100001100000011110000111111111111111100000001111111111111111000011100000011000011000000100
0000111100001100001111001100110011111111111111001111100111111111111110011001001111000011000011110000
0110011001100001100110000000000001111111111110000111000011111111111100000000000110011000011001100110
0000000000001100000000111111111100111111111100110010011001111111111001111111110000000011000000000000
0111111111100001111110011111111000011111111000000000000000111111110000111111100111111000011111111110
0011111111001100111100001111110011001111110011111111111110011111100110011111000011110011001111111100
0001111110000000011001100111100000000111100001111111111100001111000000001110011001100000000111111000
0100111100111111000000000011001111110011001100111111111001100110011111100100000000001111110011110010
0000011000011110011111111000000111100000000000011111110000000000001111000001111111100111100001100000
0111000011001100001111110011110011001111111111001111100111111111100110011100111111000011001100001110
0010011000000001100111100001100000000111111110000111000011111111000000001000011110011000000001100100
0000000011111100000011001100001111110011111100110010011001111110011111100011001100000011111100000000
0111111001111001111000000001100111100001111000000000000000111100001111001000000001111001111001111110
0011110000110000110011111100000011001100110011111111111110011001100110000011111100110000110000111100
0001100110000110000001111001111000000000000001111111111100000000000000111001111000000110000110011000
0100000000110000111100110000110011111111111100111111111001111111111110010000110011110000110000000010
0001111110000110011000000110000001111111111000011111110000111111111100000110000001100110000111111000
0100111100110000000011110000111100111111110011001111100110011111111001110000111100000000110011110010
0000011000000111111001100110011000011111100000000111000000001111110000100110011001111110000001100000
