0000000000000000000000000000000000000000000000000010000000000000000000000000000000000000000000000000
0111111111111111111111111111111111111111111111111001111111111111111111111111111111111111111111111110
0011111111111111111111111111111111111111111111110100111111111111111111111111111111111111111111111100
0001111111111111111111111111111111111111111111101010011111111111111111111111111111111111111111111010
0100111111111111111111111111111111111111111111010101001111111111111111111111111111111111111111110100
0010011111111111111111111111111111111111111110101010100111111111111111111111111111111111111111101010
0001001111111111111111111111111111111111111101010101010011111111111111111111111111111111111111010100
0100100111111111111111111111111111111111111010101010101001111111111111111111111111111111111110101010
0010010011111111111111111111111111111111110101010101010100111111111111111111111111111111111101010100
0001001001111111111111111111111111111111101010101010101010011111111111111111111111111111111010101010
0100100100111111111111111111111111111111010101010101010101001111111111111111111111111111110101010100
0010010010011111111111111111111111111110101010101010101010100111111111111111111111111111101010101010
0001001001001111111111111111111111111101010101010101010101010011111111111111111111111111010101010100
0100100100100111111111111111111111111010101010101010101010101001111111111111111111111110101010101010
0010010010010011111111111111111111110101010101010101010101010100111111111111111111111101010101010100
0001001001001001111111111111111111101010101010101010101010101010011111111111111111111010101010101010
0100100100100100111111111111111111010101010101010101010101010101001111111111111111110101010101010100
0010010010010010011111111111111110101010101010101010101010101010100111111111111111101010101010101010
0001001001001001001111111111111101010101010101010101010101010101010011111111111111010101010101010100
0100100100100100100111111111111010101010101010101010101010101010101001111111111110101010101010101010
0010010010010010010011111111110101010101010101010101010101010101010100111111111101010101010101010100
0001001001001001001001111111101010101010101010101010101010101010101010011111111010101010101010101010
0100100100100100100100111111010101010101010101010101010101010101010101001111110101010101010101010100
0010010010010010010010011110101010101010101010101010101010101010101010100111101010101010101010101010
0001001001001001001001001101010101010101010101010101010101010101010101010011010101010101010101010100
0100100100100100100100100010101010101010101010101010101010101010101010101000101010101010101010101010
0010010010010010010010011001010101010101010101010101010101010101010101010110010101010101010101010100
0001001001001001001001000100101010101010101010101010101010101010101010101001001010101010101010101010
0100100100100100100100110010010101010101010101010101010101010101010101010100100101010101010101010100
0010010010010010010010001001001010101010101010101010101010101010101010101010010010101010101010101010
0001001001001001001001100100100101010101010101010101010101010101010101010101001001010101010101010100
0100100100100100100100010010010010101010101010101010101010101010101010101010100100101010101010101010
0010010010010010010011001001001001010101010101010101010101010101010101010101010010010101010101010100
0001001001001001001000100100100100101010101010101010101010101010101010101010101001001010101010101010
0100100100100100100110010010010010010101010101010101010101010101010101010101010100100101010101010100
0010010010010010010001001001001001001010101010101010101010101010101010101010101010010010101010101010
0001001001001001001100100100100100100101010101010101010101010101010101010101010101001001010101010100
0100100100100100100010010010010010010010101010101010101010101010101010101010101010100100101010101010
0010010010010010011001001001001001001001010101010101010101010101010101010101010101010010010101010100
0001001001001001000100100100100100100100101010101010101010101010101010101010101010101001001010101010
0100100100100100110010010010010010010010010101010101010101010101010101010101010101010100100101010100
0010010010010010001001001001001001001001001010101010101010101010101010101010101010101010010010101010
0001001001001001100100100100100100100100100101010101010101010101010101010101010101010101001001010100
0100100100100100010010010010010010010010010010101010101010101010101010101010101010101010100100101010
0010010010010011001001001001001001001001001001010101010101010101010101010101010101010101010010010100
0001001001001000100100100100100100100100100100101010101010101010101010101010101010101010101001001010
0100100100100110010010010010010010010010010010010101010101010101010101010101010101010101010100100100
0010010010010001001001001001001001001001001001001010101010101010101010101010101010101010101010010010
0001001001001100100100100100100100100100100100100101010101010101010101010101010101010101010101001000
0100100100100010010010010010010010010010010010010010101010101010101010101010101010101010101010100110
0010010010011001001001001001001001001001001001001001010101010101010101010101010101010101010101010000
0001001001000100100100100100100100100100100100100100101010101010101010101010101010101010101010101110
0100100100110010010010010010010010010010010010010010010101010101010101010101010101010101010101010100
0010010010001001001001001001001001001001001001001001001010101010101010101010101010101010101010101010
0001001001100100100100100100100100100100100100100100100101010101010101010101010101010101010101010100
0100100100010010010010010010010010010010010010010010010010101010101010101010101010101010101010101010
0010010011001001001001001001001001001001001001001001001001010101010101010101010101010101010101010100
0001001000100100100100100100100100100100100100100100100100101010101010101010101010101010101010101010
0100100110010010010010010010010010010010010010010010010010010101010101010101010101010101010101010100
0010010001001001001001001001001001001001001001001001001001001010101010101010101010101010101010101010
0001001100100100100100100100100100100100100100100100100100100101010101010101010101010101010101010100
0100100010010010010010010010010010010010010010010010010010010010101010101010101010101010101010101010
0010011001001001001001001001001001001001001001001001001001001001010101010101010101010101010101010100
0001000100100100100100100100100100100100100100100100100100100100101010101010101010101010101010101010
0100110010010010010010010010010010010010010010010010010010010010010101010101010101010101010101010100
0010001001001001001001001001001001001001001001001001001001001001001010101010101010101010101010101010
0001100100100100100100100100100100100100100100100100100100100100100101010101010101010101010101010100
0100010010010010010010010010010010010010010010010010010010010010010010101010101010101010101010101010
0011001001001001001001001001001001001001001001001001001001001001001001010101010101010101010101010100
0000100100100100100100100100100100100100100100100100100100100100100100101010101010101010101010101010
0110010010010010010010010010010010010010010010010010010010010010010010010101010101010101010101010100
0001001001001001001001001001001001001001001001001001001001001001001001001010101010101010101010101010
0100100100100100100100100100100100100100100100100100100100100100100100100101010101010101010101010100
0010010010010010010010010010010010010010010010010010010010010010010010010010101010101010101010101010
0001001001001001001001001001001001001001001001001001001001001001001001001001010101010101010101010100
0100100100100100100100100100100100100100100100100100100100100100100100100100101010101010101010101010
0010010010010010010010010010010010010010010010010010010010010010010010010010010101010101010101010100
0001001001001001001001001001001001001001001001001001001001001001001001001001001010101010101010101010
0100100100100100100100100100100100100100100100100100100100100100100100100100100101010101010101010100
0010010010010010010010010010010010010010010010010010010010010010010010010010010010101010101010101010
0001001001001001001001001001001001001001001001001001001001001001001001001001001001010101010101010100
0100100100100100100100100100100100100100100100100100100100100100100100100100100100101010101010101010
0010010010010010010010010010010010010010010010010010010010010010010010010010010010010101010101010100
0001001001001001001001001001001001001001001001001001001001001001001001001001001001001010101010101010
0100100100100100100100100100100100100100100100100100100100100100100100100100100100100101010101010100
0010010010010010010010010010010010010010010010010010010010010010010010010010010010010010101010101010
0001001001001001001001001001001001001001001001001001001001001001001001001001001001001001010101010100
0100100100100100100100100100100100100100100100100100100100100100100100100100100100100100101010101010
0010010010010010010010010010010010010010010010010010010010010010010010010010010010010010010101010100
0001001001001001001001001001001001001001001001001001001001001001001001001001001001001001001010101010
0100100100100100100100100100100100100100100100100100100100100100100100100100100100100100100101010100
0010010010010010010010010010010010010010010010010010010010010010010010010010010010010010010010101010
0001001001001001001001001001001001001001001001001001001001001001001001001001001001001001001001010100
0100100100100100100100100100100100100100100100100100100100100100100100100100100100100100100100101010
0010010010010010010010010010010010010010010010010010010010010010010010010010010010010010010010010100
0001001001001001001001001001001001001001001001001001001001001001001001001001001001001001001001001010
0100100100100100100100100100100100100100100100100100100100100100100100100100100100100100100100100100
0010010010010010010010010010010010010010010010010010010010010010010010010010010010010010010010010010
0001001001001001001001001001001001001001001001001001001001001001001001001001001001001001001001001000
0100100100100100100100100100100100100100100100100100100100100100100100100100100100100100100100100110
