0000000000000000000000000000000000000000000000000010000000000000000000000000000000000000000000000000
0111111111111111111111111111111111111111111111111010111111111111111111111111111111111111111111111110
0011111111111111111111111111111111111111111111110111011111111111111111111111111111111111111111111100
0001111111111111111111111111111111111111111111101010101111111111111111111111111111111111111111111000
0100111111111111111111111111111111111111111111011111110111111111111111111111111111111111111111110010
0100011111111111111111111111111111111111111110101111101011111111111111111111111111111111111111100010
0101001111111111111111111111111111111111111101110111011101111111111111111111111111111111111111001010
0111000111111111111111111111111111111111111010101010101010111111111111111111111111111111111110001110
0010010011111111111111111111111111111111110111111111111111011111111111111111111111111111111100100100
0010010001111111111111111111111111111111101011111111111110101111111111111111111111111111111000100100
0010010100111111111111111111111111111111011101111111111101110111111111111111111111111111110010100100
0010011100011111111111111111111111111110101010111111111010101011111111111111111111111111100011100100
0010001001001111111111111111111111111101111111011111110111111101111111111111111111111111001001000100
0010101001000111111111111111111111111010111110101111101011111010111111111111111111111110001001010100
0011111001010011111111111111111111110111011101110111011101110111011111111111111111111100101001111100
0001110001110001111111111111111111101010101010101010101010101010101111111111111111111000111000111000
0100100100100100111111111111111111011111111111111111111111111111110111111111111111110010010010010010
0100100100100100011111111111111110101111111111111111111111111111101011111111111111100010010010010010
0100100100100101001111111111111101110111111111111111111111111111011101111111111111001010010010010010
0100100100100111000111111111111010101011111111111111111111111110101010111111111110001110010010010010
0100100100100010010011111111110111111101111111111111111111111101111111011111111100100100010010010010
0100100100101010010001111111101011111010111111111111111111111010111110101111111000100101010010010010
0100100100111110010100111111011101110111011111111111111111110111011101110111110010100111110010010010
0100100100011100011100011110101010101010101111111111111111101010101010101011100011100011100010010010
0100100101001001001001001101111111111111110111111111111111011111111111111101001001001001001010010010
0100100111001001001001000010111111111111101011111111111110101111111111111011001001001001001110010010
0100100010001001001001011011011111111111011101111111111101110111111111110100001001001001000100010010
0100101010101001001001100100101111111110101010111111111010101011111111101101101001001001010101010010
0100111111111001001000000100110111111101111111011111110111111101111111010010011001001001111111110010
0100011111110001001011110100001011111010111110101111101011111010111110110010000001001000111111100010
0101001111100101001101101101101101110111011101110111011101110111011101000010111101001010011111001010
0111000111000111000010010010010010101010101010101010101010101010101011011011011011001110001110001110
0010010010010010011010010010010011111111111111111111111111111111111100100100100100000100100100100100
0010010010010010000110010010010001111111111111111111111111111111111000100100100101110100100100100100
0010010010010010110000010010010100111111111111111111111111111111110010100100100110101100100100100100
0010010010010011000111010010011100011111111111111111111111111111100011100100100001110000100100100100
0010010010010000010010110010001001001111111111111111111111111111001001000100101100100110100100100100
0010010010010111010011000010101001000111111111111111111111111110001001010100110000100001100100100100
0010010010011010110000011011111001010011111111111111111111111100101001111100000110101100000100100100
0010010010000111000111000101110001110001111111111111111111111000111000111001110001110001110100100100
0010010010110010010010010110100100100100111111111111111111110010010010010000100100100100101100100100
0010010011000010010010011001100100100100011111111111111111100010010010010110100100100100110000100100
0010010000011010010010000000000100100101001111111111111111001010010010011001100100100100000110100100
0010010111000110010010111111110100100111000111111111111110001110010010000000000100100101110001100100
0010011010010000010011011111101100100010010011111111111100100100010010111111110100100110100100000100
0010000110010111010000101111010000101010010001111111111000100101010011011111101100100001100101110100
0010110000011010110110110110110110111110010100111111110010100111110000101111010000101100000110101100
0011000111000111001001001001001001011100011100011111100011100011100110110110110110110001110001110000
0000010010010010001001001001001001101001001001001111001001001001000001001001001001000100100100100110
0111010010010010101001001001001000011001001001000110001001001001011101001001001001010100100100100000
0010110010010011111001001001001011000001001001010000101001001001101011001001001001111100100100101110
0011000010010001110001001001001100011101001001110110111001001000011100001001001000111000100100110100
0000011010010100100101001001000001001011001000101001010001001011001001101001001010010010100100001100
0111000110011100100111001001011101001100001010111001110101001100001000011001001110010011100101100000
0010010000001000100010001001101011000001101111010000101111000001101011000001000100010001000110001110
0010010111101010101010101000011100011100010110110110110110011100011100011101010101010101010000100100
0010011011011111111111111011001001001001011001001001001000001001001001001011111111111111110110100100
0010000100101111111111110100001001001001100001001001001011101001001001001101111111111111101001100100
0010110100110111111111101101101001001000001101001001001101011001001001000010111111111111011000000100
0011001100001011111111010010011001001011100011001001000011100001001001011011011111111110100011110100
0000000001101101111110110010000001001101001000001001011001001101001001100100101111111101101001101100
0111111100010010111101000010111101000011001011101001100001000011001000000100110111111010011000010000
0011111001010011011011011011011011011000001101011000001101011000001011110100001011110110000011010110
0001110001110000100100100100100100100011100011100011100011100011101101101101101101101000111000111000
0100100100100110100100100100100100101001001001001001001001001001010010010010010010011010010010010010
0100100100100001100100100100100100111001001001001001001001001001110010010010010010000110010010010010
0100100100101100000100100100100100010001001001001001001001001000100010010010010010110000010010010010
0100100100110001110100100100100101010101001001001001001001001010101010010010010011000111010010010010
0100100100000100101100100100100111111111001001001001001001001111111110010010010000010010110010010010
0100100101110100110000100100100011111110001001001001001001000111111100010010010111010011000010010010
0100100110101100000110100100101001111100101001001001001001010011111001010010011010110000011010010010
0100100001110001110001100100111000111000111001001001001001110001110001110010000111000111000110010010
0100101100100100100100000100010010010010010001001001001000100100100100100010110010010010010000010010
0100110000100100100101110101010010010010010101001001001010100100100100101011000010010010010111010010
0100000110100100100110101111110010010010011111001001001111100100100100111100011010010010011010110010
0101110001100100100001110111100010010010001110001001000111000100100100011001000110010010000111000010
0110100100000100101100101011001010010010100100101001010010010100100101000001010000010010110010011010
0001100101110100110000111100001110010011100100111001110010011100100111011101110111010011000010000110
0100000110101100000110011001100100010001000100010000100010001000100010101010101010110000011010110000
0101110001110001110000000000000101010101010101010110101010101010101011111111111111000111000111000110
0110100100100100100111111111110111111111111111111001111111111111111101111111111110010010010010010000
0001100100100100100011111111101011111111111111110000111111111111111010111111111100010010010010010110
0100000100100100101001111111011101111111111111100110011111111111110111011111111001010010010010011000
0101110100100100111000111110101010111111111111000000001111111111101010101111110001110010010010000010
0110101100100100010010011101111111011111111110011111100111111111011111110111100100100010010010111010
0001110000100101010010001010111110101111111100001111000011111110101111101011000100101010010011010110
0100100110100111110010101111011101110111111001100110011001111101110111011100010100111110010000111000
0100100001100011100011110110101010101011110000000000000000111010101010101001011100011100010110010010
0100101100001001001001101001111111111101100111111111111110010111111111111001101001001001011000010010
0100110001101001001000011000111111111010000011111111111100011011111111110000011001001001100011010010
0100000100011001001011000010011111110110111001111111111001000101111111100111000001001000001000110010
0101110101000001001100011010001111101001010000111111110001010110111111000010011101001011101010000010
0110101111011101000001000110100111011001110110011111100101111001011110011010001011001101011110111010
0001110110101011011101010001100010100000101000001111000110110001101100000110101100000011101101010110
0100101001111100101011110100001011101110111011100110010001000100010001110001110001111001010011111000
0100111000111000111101101101101101010101010101000000010101010101010100100100100100110001110001110010
0100010010010010011010010010010011111111111111011111011111111111111100100100100100000100100100100010
0101010010010010000110010010010001111111111110101110101111111111111000100100100101110100100100101010
0111110010010010110000010010010100111111111101110101110111111111110010100100100110101100100100111110
0011100010010011000111010010011100011111111010101110101011111111100011100100100001110000100100011100
