0000000000000000000000000000000000000000000000000010000000000000000000000000000000000000000000000000
0111111111111111111111111111111111111111111111111011111111111111111111111111111111111111111111111110
0011111111111111111111111111111111111111111111110101111111111111111111111111111111111111111111111100
0001111111111111111111111111111111111111111111101110111111111111111111111111111111111111111111111010
0100111111111111111111111111111111111111111111010101011111111111111111111111111111111111111111110110
0110011111111111111111111111111111111111111110111111101111111111111111111111111111111111111111101000
0001001111111111111111111111111111111111111101011111010111111111111111111111111111111111111111011110
0101100111111111111111111111111111111111111011101110111011111111111111111111111111111111111110101100
0110010011111111111111111111111111111111110101010101010101111111111111111111111111111111111101110010
0001011001111111111111111111111111111111101111111111111110111111111111111111111111111111111010101010
0101100100111111111111111111111111111111010111111111111101011111111111111111111111111111110111111110
0110010110011111111111111111111111111110111011111111111011101111111111111111111111111111101011111100
0001011001001111111111111111111111111101010101111111110101010111111111111111111111111111011101111010
0101100101100111111111111111111111111011111110111111101111111011111111111111111111111110101010110110
0110010110010011111111111111111111110101111101011111010111110101111111111111111111111101111111001000
0001011001011001111111111111111111101110111011101110111011101110111111111111111111111010111110101110
0101100101100100111111111111111111010101010101010101010101010101011111111111111111110111011101110100
0110010110010110011111111111111110111111111111111111111111111111101111111111111111101010101010101110
0001011001011001001111111111111101011111111111111111111111111111010111111111111111011111111111110100
0101100101100101100111111111111011101111111111111111111111111110111011111111111110101111111111101110
0110010110010110010011111111110101010111111111111111111111111101010101111111111101110111111111010100
0001011001011001011001111111101111111011111111111111111111111011111110111111111010101011111110111110
0101100101100101100100111111010111110101111111111111111111110101111101011111110111111101111101011100
0110010110010110010110011110111011101110111111111111111111101110111011101111101011111010111011101010
0001011001011001011001001101010101010101011111111111111111010101010101010111011101110111010101011110
0101100101100101100101100011111111111111101111111111111110111111111111111010101010101010111111101100
0110010110010110010110011001111111111111010111111111111101011111111111110111111111111111011111010010
0001011001011001011001000100111111111110111011111111111011101111111111101011111111111110101110111010
0101100101100101100101110110011111111101010101111111110101010111111111011101111111111101110101010110
0110010110010110010110101001001111111011111110111111101111111011111110101010111111111010101111111000
0001011001011001011001111101100111110101111101011111010111110101111101111111011111110111110111110110
0101100101100101100100111010010011101110111011101110111011101110111010111110101111101011101011101000
0110010110010110010110010111011001010101010101010101010101010101010111011101110111011101011101011110
0001011001011001011001011010100101111111111111111111111111111111111010101010101010101011101011101100
0101100101100101100101100111110110111111111111111111111111111111110111111111111111111101011101010010
0110010110010110010110010011101001011111111111111111111111111111101011111111111111111011101011111010
0001011001011001011001011001011101101111111111111111111111111111011101111111111111110101011101110110
0101100101100101100101100101101010010111111111111111111111111110101010111111111111101111101010101000
0110010110010110010110010110011111011011111111111111111111111101111111011111111111010111011111111110
0001011001011001011001011001001110100101111111111111111111111010111110101111111110111010101111111100
0101100101100101100101100101100101110110111111111111111111110111011101110111111101010111110111111010
0110010110010110010110010110010110101001011111111111111111101010101010101011111011111011101011110110
0001011001011001011001011001011001111101101111111111111111011111111111111101110101110101011101101000
0101100101100101100101100101100100111010010111111111111110101111111111111010101110101111101010011110
0110010110010110010110010110010110010111011011111111111101110111111111110111110101110111011111001100
0001011001011001011001011001011001011010100101111111111010101011111111101011101110101010101110100010
0101100101100101100101100101100101100111110110111111110111111101111111011101010101111111110101111010
0110010110010110010110010110010110010011101001011111101011111010111110101011111110111111101110110110
0001011001011001011001011001011001011001011101101111011101110111011101111101111101011111010101001000
0101100101100101100101100101100101100101101010010110101010101010101010111010111011101110111111101110
0110010110010110010110010110010110010110011111011001111111111111111111010111010101010101011111010100
0001011001011001011001011001011001011001001110100100111111111111111110111010111111111111101110111110
0101100101100101100101100101100101100101100101110110011111111111111101010111011111111111010101011100
0110010110010110010110010110010110010110010110101001001111111111111011111010101111111110111111101010
0001011001011001011001011001011001011001011001111101100111111111110101110111110111111101011111011110
0101100101100101100101100101100101100101100100111010010011111111101110101011101011111011101110101100
0110010110010110010110010110010110010110010110010111011001111111010101111101011101110101010101110010
0001011001011001011001011001011001011001011001011010100100111110111110111011101010101111111110101010
0101100101100101100101100101100101100101100101100111110110011101011101010101011111110111111101111110
0110010110010110010110010110010110010110010110010011101001001011101011111111101111101011111010111100
0001011001011001011001011001011001011001011001011001011101101101011101111111010111011101110111011010
0101100101100101100101100101100101100101100101100101101010010011101010111110111010101010101010100110
0110010110010110010110010110010110010110010110010110011111011001011111011101010111111111111111110000
0001011001011001011001011001011001011001011001011001001110100101101110101011111011111111111111101110
0101100101100101100101100101100101100101100101100101100101110110010101111101110101111111111111010100
0110010110010110010110010110010110010110010110010110010110101001011110111010101110111111111110111110
0001011001011001011001011001011001011001011001011001011001111101101101010111110101011111111101011100
0101100101100101100101100101100101100101100101100101100100111010010011111011101111101111111011101010
0110010110010110010110010110010110010110010110010110010110010111011001110101010111010111110101011110
0001011001011001011001011001011001011001011001011001011001011010100100101111111010111011101111101100
0101100101100101100101100101100101100101100101100101100101100111110110110111110111010101010111010010
0110010110010110010110010110010110010110010110010110010110010011101001001011101010111111111010111010
0001011001011001011001011001011001011001011001011001011001011001011101101101011111011111110111010110
0101100101100101100101100101100101100101100101100101100101100101101010010011101110101111101010111000
0110010110010110010110010110010110010110010110010110010110010110011111011001010101110111011111010110
0001011001011001011001011001011001011001011001011001011001011001001110100101111110101010101110111000
0101100101100101100101100101100101100101100101100101100101100101100101110110111101111111110101010110
0110010110010110010110010110010110010110010110010110010110010110010110101001011010111111101111111000
0001011001011001011001011001011001011001011001011001011001011001011001111101100111011111010111110110
0101100101100101100101100101100101100101100101100101100101100101100100111010010010101110111011101000
0110010110010110010110010110010110010110010110010110010110010110010110010111011011110101010101011110
0001011001011001011001011001011001011001011001011001011001011001011001011010100101101111111111101100
0101100101100101100101100101100101100101100101100101100101100101100101100111110110010111111111010010
0110010110010110010110010110010110010110010110010110010110010110010110010011101001011011111110111010
0001011001011001011001011001011001011001011001011001011001011001011001011001011101100101111101010110
0101100101100101100101100101100101100101100101100101100101100101100101100101101010010110111011111000
0110010110010110010110010110010110010110010110010110010110010110010110010110011111011001010101110110
0001011001011001011001011001011001011001011001011001011001011001011001011001001110100101111110101000
0101100101100101100101100101100101100101100101100101100101100101100101100101100101110110111101111110
0110010110010110010110010110010110010110010110010110010110010110010110010110010110101001011010111100
0001011001011001011001011001011001011001011001011001011001011001011001011001011001111101100111011010
0101100101100101100101100101100101100101100101100101100101100101100101100101100100111010010010100110
0110010110010110010110010110010110010110010110010110010110010110010110010110010110010111011011110000
0001011001011001011001011001011001011001011001011001011001011001011001011001011001011010100101101110
0101100101100101100101100101100101100101100101100101100101100101100101100101100101100111110110010100
0110010110010110010110010110010110010110010110010110010110010110010110010110010110010011101001011110
0001011001011001011001011001011001011001011001011001011001011001011001011001011001011001011101101100
0101100101100101100101100101100101100101100101100101100101100101100101100101100101100101101010010010
0110010110010110010110010110010110010110010110010110010110010110010110010110010110010110011111011010
0001011001011001011001011001011001011001011001011001011001011001011001011001011001011001001110100110
