0000000000000000000000000000000000000000000000000010000000000000000000000000000000000000000000000000
0111111111111111111111111111111111111111111111111000111111111111111111111111111111111111111111111110
0011111111111111111111111111111111111111111111111010011111111111111111111111111111111111111111111110
0001111111111111111111111111111111111111111111111100001111111111111111111111111111111111111111111110
0100111111111111111111111111111111111111111111111101100111111111111111111111111111111111111111111110
0000011111111111111111111111111111111111111111111110100011111111111111111111111111111111111111111110
0111001111111111111111111111111111111111111111111111001001111111111111111111111111111111111111111110
0011000111111111111111111111111111111111111111111111000000111111111111111111111111111111111111111110
0001010011111111111111111111111111111111111111111111011110011111111111111111111111111111111111111110
0100100001111111111111111111111111111111111111111111101110001111111111111111111111111111111111111110
0000001100111111111111111111111111111111111111111111110110100111111111111111111111111111111111111110
0111100100011111111111111111111111111111111111111111111011000011111111111111111111111111111111111110
0011100001001111111111111111111111111111111111111111111101011001111111111111111111111111111111111110
0001101100000111111111111111111111111111111111111111111110101000111111111111111111111111111111111110
0100110101110011111111111111111111111111111111111111111111010010011111111111111111111111111111111110
0000011010110001111111111111111111111111111111111111111111100000001111111111111111111111111111111110
0111001101010100111111111111111111111111111111111111111111101111100111111111111111111111111111111110
0011000110101000011111111111111111111111111111111111111111110111100011111111111111111111111111111110
0001010011010011001111111111111111111111111111111111111111111011101001111111111111111111111111111110
0100100001100001000111111111111111111111111111111111111111111101110000111111111111111111111111111110
0000001100101100010011111111111111111111111111111111111111111110110110011111111111111111111111111110
0111100100010101000001111111111111111111111111111111111111111111011010001111111111111111111111111110
0011100001001010011100111111111111111111111111111111111111111111101100100111111111111111111111111110
0001101100000100001100011111111111111111111111111111111111111111110100000011111111111111111111111110
0100110101110001100101001111111111111111111111111111111111111111111001111001111111111111111111111110
0000011010110100100010000111111111111111111111111111111111111111111000111000111111111111111111111110
0111001101011000001000110011111111111111111111111111111111111111111010011010011111111111111111111110
0011000110101011100010010001111111111111111111111111111111111111111100001100001111111111111111111110
0001010011010101101000000100111111111111111111111111111111111111111101100101100111111111111111111110
0100100001101010110011110000011111111111111111111111111111111111111110100010100011111111111111111110
0000001100110101010001110111001111111111111111111111111111111111111111001001001001111111111111111110
0111100100011010100100111011000111111111111111111111111111111111111111000000000000111111111111111110
0011100001001101000000011101010011111111111111111111111111111111111111011111111110011111111111111110
0001101100000110011111001110100001111111111111111111111111111111111111101111111110001111111111111110
0100110101110010001111000111001100111111111111111111111111111111111111110111111110100111111111111110
0000011010110000100111010011000100011111111111111111111111111111111111111011111111000011111111111110
0111001101010110000011100001010001001111111111111111111111111111111111111101111111011001111111111110
0011000110101010111001101100100100000111111111111111111111111111111111111110111111101000111111111110
0001010011010101011000110100000001110011111111111111111111111111111111111111011111110010011111111110
0100100001101010101010011001111100110001111111111111111111111111111111111111101111110000001111111110
0000001100110101010100001000111100010100111111111111111111111111111111111111110111110111100111111110
0111100100011010101001100010011101001000011111111111111111111111111111111111111011111011100011111110
0011100001001101010000101000001110000011001111111111111111111111111111111111111101111101101001111110
0001101100000110100110010011100110111001000111111111111111111111111111111111111110111110110000111110
0100110101110011000010000001100011011000010011111111111111111111111111111111111111011111010110011110
0000011010110001011000111100101001101011000001111111111111111111111111111111111111101111101010001110
0111001101010100101010011100010000110101011100111111111111111111111111111111111111110111110100100110
0011000110101000010100001101000110011010101100011111111111111111111111111111111111111011111000000010
0001010011010011001001100110010010001101010101001111111111111111111111111111111111111101111011111000
0100100001100001000000100010000000100110101010000111111111111111111111111111111111111110111101111010
0000001100101100011110001000111110000011010100110011111111111111111111111111111111111111011110111100
0111100100010101001110100010011110111001101000010001111111111111111111111111111111111111101111011100
0011100001001010000111001000001111011000110011000100111111111111111111111111111111111111110111101100
0001101100000100110011000011100111101010010001010000011111111111111111111111111111111111111011110100
0100110101110000010001011001100011110100000100100111001111111111111111111111111111111111111101111000
0000011010110111000100101000101001111001110000000011000111111111111111111111111111111111111110111010
0111001101011011010000010010010000111000110111111001010011111111111111111111111111111111111111011100
0011000110101101100111000000000110011010011011111000100001111111111111111111111111111111111111101100
0001010011010110100011011111110010001100001101111010001100111111111111111111111111111111111111110100
0100100001101011001001101111110000100101100110111100100100011111111111111111111111111111111111111000
0000001100110101000000110111110110000010100011011100000001001111111111111111111111111111111111111010
0111100100011010011110011011111010111001001001101101111100000111111111111111111111111111111111111100
0011100001001100001110001101111101011000000000110110111101110011111111111111111111111111111111111100
0001101100000101100110100110111110101011111110011011011110110001111111111111111111111111111111111100
0100110101110010100011000011011111010101111110001101101111010100111111111111111111111111111111111100
0000011010110001001001011001101111101010111110100110110111101000011111111111111111111111111111111100
0111001101010100000000101000110111110101011111000011011011110011001111111111111111111111111111111100
0011000110101001111110010010011011111010101111011001101101110001000111111111111111111111111111111100
0001010011010000111110000000001101111101010111101000110110110100010011111111111111111111111111111100
0100100001100110011110111111100110111110101011110010011011011001000001111111111111111111111111111100
0000001100100010001111011111100011011111010101110000001101101000011100111111111111111111111111111100
0111100100001000100111101111101001101111101010110111100110110011001100011111111111111111111111111100
0011100001100010000011110111110000110111110101011011100011010001000101001111111111111111111111111100
0001101100101000111001111011110110011011111010101101101001100100010010000111111111111111111111111100
0100110100010010011000111101111010001101111101010110110000100001000000110011111111111111111111111100
0000011001000000001010011110111100100110111110101011010110001100011110010001111111111111111111111100
0111001000011111100100001111011100000011011111010101101010100101001110000100111111111111111111111100
0011000011001111100001100111101101111001101111101010110101000010000110110000011111111111111111111100
0001011001000111101100100011110110111000110111110101011010011000110011010111001111111111111111111100
0100101000010011110100001001111011011010011011111010101100001010010001101011000111111111111111111100
0000010011000001111001100000111101101100001101111101010101100100000100110101010011111111111111111100
0111000001011100111000101110011110110101100110111110101010100001110000011010100001111111111111111100
0011011100101100011010010110001111011010100011011111010101001100110111001101001100111111111111111100
0001101100010101001100001010100111101101001001101111101010000100011011000110000100011111111111111100
0100110101001010000101100101000011110110000000110111110100110001001101010010110001001111111111111100
0000011010000100110010100010011001111010111110011011111000010100000110100001010100000111111111111100
0111001100110000010001001000001000111101011110001101111011001001110011001100101001110011111111111100
0011000100010111000100000011100010011110101110100110111101000000110001000100010000110001111111111100
0001010001001011010001111001101000001111010111000011011110011110010100010001000110010100111111111100
0100100100000101100100111000110011100111101011011001101110001110001001000100010010001000011111111100
0000000001110010100000011010010001100011110101101000110110100110100000010001000000100011001111111100
0111111100110001001111001100000100101001111010110010011011000011001111000100011110001001000111111100
0011111100010100000111000101110000010000111101010000001101011001000111010001001110100000010011111100
0001111101001001110011010010110111000110011110100111100110101000010011100100000111001111000001111100
0100111110000000110001100001011011010010001111000011100011010011000001100001110011000111011100111100
0000011110111110010100101100101101100000100111011001101001100001011100101100110001010011101100011100
0111001111011110001000010100010110101110000011101000110000101100101100010100010100100001110101001100
0011000111101110100011001001001011010110111001110010010110010100010101001001001000001100111010000100
0001010011110111001001000000000101101011011000110000001010001001001010000000000011100100011100110000
0100100001111011000000011111110010110101101010010111100100100000000100111111111001100001001100010110
