0000000000000000000000000000000000000000000000000010000000000000000000000000000000000000000000000000
0111111111111111111111111111111111111111111111111100111111111111111111111111111111111111111111111110
0000000000000000000000000000000000000000000000000001000000000000000000000000000000000000000000000000
0111111111111111111111111111111111111111111111111110011111111111111111111111111111111111111111111110
0000000000000000000000000000000000000000000000000000100000000000000000000000000000000000000000000000
0111111111111111111111111111111111111111111111111111001111111111111111111111111111111111111111111110
0000000000000000000000000000000000000000000000000000010000000000000000000000000000000000000000000000
0111111111111111111111111111111111111111111111111111100111111111111111111111111111111111111111111110
0000000000000000000000000000000000000000000000000000001000000000000000000000000000000000000000000000
0111111111111111111111111111111111111111111111111111110011111111111111111111111111111111111111111110
0000000000000000000000000000000000000000000000000000000100000000000000000000000000000000000000000000
0111111111111111111111111111111111111111111111111111111001111111111111111111111111111111111111111110
0000000000000000000000000000000000000000000000000000000010000000000000000000000000000000000000000000
0111111111111111111111111111111111111111111111111111111100111111111111111111111111111111111111111110
0000000000000000000000000000000000000000000000000000000001000000000000000000000000000000000000000000
0111111111111111111111111111111111111111111111111111111110011111111111111111111111111111111111111110
0000000000000000000000000000000000000000000000000000000000100000000000000000000000000000000000000000
0111111111111111111111111111111111111111111111111111111111001111111111111111111111111111111111111110
0000000000000000000000000000000000000000000000000000000000010000000000000000000000000000000000000000
0111111111111111111111111111111111111111111111111111111111100111111111111111111111111111111111111110
0000000000000000000000000000000000000000000000000000000000001000000000000000000000000000000000000000
0111111111111111111111111111111111111111111111111111111111110011111111111111111111111111111111111110
0000000000000000000000000000000000000000000000000000000000000100000000000000000000000000000000000000
0111111111111111111111111111111111111111111111111111111111111001111111111111111111111111111111111110
0000000000000000000000000000000000000000000000000000000000000010000000000000000000000000000000000000
0111111111111111111111111111111111111111111111111111111111111100111111111111111111111111111111111110
0000000000000000000000000000000000000000000000000000000000000001000000000000000000000000000000000000
0111111111111111111111111111111111111111111111111111111111111110011111111111111111111111111111111110
0000000000000000000000000000000000000000000000000000000000000000100000000000000000000000000000000000
0111111111111111111111111111111111111111111111111111111111111111001111111111111111111111111111111110
0000000000000000000000000000000000000000000000000000000000000000010000000000000000000000000000000000
0111111111111111111111111111111111111111111111111111111111111111100111111111111111111111111111111110
0000000000000000000000000000000000000000000000000000000000000000001000000000000000000000000000000000
0111111111111111111111111111111111111111111111111111111111111111110011111111111111111111111111111110
0000000000000000000000000000000000000000000000000000000000000000000100000000000000000000000000000000
0111111111111111111111111111111111111111111111111111111111111111111001111111111111111111111111111110
0000000000000000000000000000000000000000000000000000000000000000000010000000000000000000000000000000
0111111111111111111111111111111111111111111111111111111111111111111100111111111111111111111111111110
0000000000000000000000000000000000000000000000000000000000000000000001000000000000000000000000000000
0111111111111111111111111111111111111111111111111111111111111111111110011111111111111111111111111110
0000000000000000000000000000000000000000000000000000000000000000000000100000000000000000000000000000
0111111111111111111111111111111111111111111111111111111111111111111111001111111111111111111111111110
0000000000000000000000000000000000000000000000000000000000000000000000010000000000000000000000000000
0111111111111111111111111111111111111111111111111111111111111111111111100111111111111111111111111110
0000000000000000000000000000000000000000000000000000000000000000000000001000000000000000000000000000
0111111111111111111111111111111111111111111111111111111111111111111111110011111111111111111111111110
0000000000000000000000000000000000000000000000000000000000000000000000000100000000000000000000000000
0111111111111111111111111111111111111111111111111111111111111111111111111001111111111111111111111110
0000000000000000000000000000000000000000000000000000000000000000000000000010000000000000000000000000
0111111111111111111111111111111111111111111111111111111111111111111111111100111111111111111111111110
0000000000000000000000000000000000000000000000000000000000000000000000000001000000000000000000000000
0111111111111111111111111111111111111111111111111111111111111111111111111110011111111111111111111110
0000000000000000000000000000000000000000000000000000000000000000000000000000100000000000000000000000
0111111111111111111111111111111111111111111111111111111111111111111111111111001111111111111111111110
0000000000000000000000000000000000000000000000000000000000000000000000000000010000000000000000000000
0111111111111111111111111111111111111111111111111111111111111111111111111111100111111111111111111110
0000000000000000000000000000000000000000000000000000000000000000000000000000001000000000000000000000
0111111111111111111111111111111111111111111111111111111111111111111111111111110011111111111111111110
0000000000000000000000000000000000000000000000000000000000000000000000000000000100000000000000000000
0111111111111111111111111111111111111111111111111111111111111111111111111111111001111111111111111110
0000000000000000000000000000000000000000000000000000000000000000000000000000000010000000000000000000
0111111111111111111111111111111111111111111111111111111111111111111111111111111100111111111111111110
0000000000000000000000000000000000000000000000000000000000000000000000000000000001000000000000000000
0111111111111111111111111111111111111111111111111111111111111111111111111111111110011111111111111110
0000000000000000000000000000000000000000000000000000000000000000000000000000000000100000000000000000
0111111111111111111111111111111111111111111111111111111111111111111111111111111111001111111111111110
0000000000000000000000000000000000000000000000000000000000000000000000000000000000010000000000000000
0111111111111111111111111111111111111111111111111111111111111111111111111111111111100111111111111110
0000000000000000000000000000000000000000000000000000000000000000000000000000000000001000000000000000
0111111111111111111111111111111111111111111111111111111111111111111111111111111111110011111111111110
0000000000000000000000000000000000000000000000000000000000000000000000000000000000000100000000000000
0111111111111111111111111111111111111111111111111111111111111111111111111111111111111001111111111110
0000000000000000000000000000000000000000000000000000000000000000000000000000000000000010000000000000
0111111111111111111111111111111111111111111111111111111111111111111111111111111111111100111111111110
0000000000000000000000000000000000000000000000000000000000000000000000000000000000000001000000000000
0111111111111111111111111111111111111111111111111111111111111111111111111111111111111110011111111110
0000000000000000000000000000000000000000000000000000000000000000000000000000000000000000100000000000
0111111111111111111111111111111111111111111111111111111111111111111111111111111111111111001111111110
0000000000000000000000000000000000000000000000000000000000000000000000000000000000000000010000000000
0111111111111111111111111111111111111111111111111111111111111111111111111111111111111111100111111110
0000000000000000000000000000000000000000000000000000000000000000000000000000000000000000001000000000
0111111111111111111111111111111111111111111111111111111111111111111111111111111111111111110011111110
0000000000000000000000000000000000000000000000000000000000000000000000000000000000000000000100000000
0111111111111111111111111111111111111111111111111111111111111111111111111111111111111111111001111110
0000000000000000000000000000000000000000000000000000000000000000000000000000000000000000000010000000
0111111111111111111111111111111111111111111111111111111111111111111111111111111111111111111100111110
0000000000000000000000000000000000000000000000000000000000000000000000000000000000000000000001000000
0111111111111111111111111111111111111111111111111111111111111111111111111111111111111111111110011110
0000000000000000000000000000000000000000000000000000000000000000000000000000000000000000000000100000
0111111111111111111111111111111111111111111111111111111111111111111111111111111111111111111111001110
0000000000000000000000000000000000000000000000000000000000000000000000000000000000000000000000010000
0111111111111111111111111111111111111111111111111111111111111111111111111111111111111111111111100110
0000000000000000000000000000000000000000000000000000000000000000000000000000000000000000000000001000
0111111111111111111111111111111111111111111111111111111111111111111111111111111111111111111111110010
0000000000000000000000000000000000000000000000000000000000000000000000000000000000000000000000000100
0111111111111111111111111111111111111111111111111111111111111111111111111111111111111111111111111000
0000000000000000000000000000000000000000000000000000000000000000000000000000000000000000000000000010
0111111111111111111111111111111111111111111111111111111111111111111111111111111111111111111111111100
0000000000000000000000000000000000000000000000000000000000000000000000000000000000000000000000000000
0111111111111111111111111111111111111111111111111111111111111111111111111111111111111111111111111110
