0000000000000000000000000000000000000000000000000010000000000000000000000000000000000000000000000000
0111111111111111111111111111111111111111111111111010111111111111111111111111111111111111111111111110
0011111111111111111111111111111111111111111111111111011111111111111111111111111111111111111111111110
0001111111111111111111111111111111111111111111111111101111111111111111111111111111111111111111111110
0100111111111111111111111111111111111111111111111111110111111111111111111111111111111111111111111110
0100011111111111111111111111111111111111111111111111111011111111111111111111111111111111111111111110
0101001111111111111111111111111111111111111111111111111101111111111111111111111111111111111111111110
0111000111111111111111111111111111111111111111111111111110111111111111111111111111111111111111111110
0011010011111111111111111111111111111111111111111111111111011111111111111111111111111111111111111110
0001110001111111111111111111111111111111111111111111111111101111111111111111111111111111111111111110
0100110100111111111111111111111111111111111111111111111111110111111111111111111111111111111111111110
0100011100011111111111111111111111111111111111111111111111111011111111111111111111111111111111111110
0101001101001111111111111111111111111111111111111111111111111101111111111111111111111111111111111110
0111000111000111111111111111111111111111111111111111111111111110111111111111111111111111111111111110
0011010011010011111111111111111111111111111111111111111111111111011111111111111111111111111111111110
0001110001110001111111111111111111111111111111111111111111111111101111111111111111111111111111111110
0100110100110100111111111111111111111111111111111111111111111111110111111111111111111111111111111110
0100011100011100011111111111111111111111111111111111111111111111111011111111111111111111111111111110
0101001101001101001111111111111111111111111111111111111111111111111101111111111111111111111111111110
0111000111000111000111111111111111111111111111111111111111111111111110111111111111111111111111111110
0011010011010011010011111111111111111111111111111111111111111111111111011111111111111111111111111110
0001110001110001110001111111111111111111111111111111111111111111111111101111111111111111111111111110
0100110100110100110100111111111111111111111111111111111111111111111111110111111111111111111111111110
0100011100011100011100011111111111111111111111111111111111111111111111111011111111111111111111111110
0101001101001101001101001111111111111111111111111111111111111111111111111101111111111111111111111110
0111000111000111000111000111111111111111111111111111111111111111111111111110111111111111111111111110
0011010011010011010011010011111111111111111111111111111111111111111111111111011111111111111111111110
0001110001110001110001110001111111111111111111111111111111111111111111111111101111111111111111111110
0100110100110100110100110100111111111111111111111111111111111111111111111111110111111111111111111110
0100011100011100011100011100011111111111111111111111111111111111111111111111111011111111111111111110
0101001101001101001101001101001111111111111111111111111111111111111111111111111101111111111111111110
0111000111000111000111000111000111111111111111111111111111111111111111111111111110111111111111111110
0011010011010011010011010011010011111111111111111111111111111111111111111111111111011111111111111110
0001110001110001110001110001110001111111111111111111111111111111111111111111111111101111111111111110
0100110100110100110100110100110100111111111111111111111111111111111111111111111111110111111111111110
0100011100011100011100011100011100011111111111111111111111111111111111111111111111111011111111111110
0101001101001101001101001101001101001111111111111111111111111111111111111111111111111101111111111110
0111000111000111000111000111000111000111111111111111111111111111111111111111111111111110111111111110
0011010011010011010011010011010011010011111111111111111111111111111111111111111111111111011111111110
0001110001110001110001110001110001110001111111111111111111111111111111111111111111111111101111111110
0100110100110100110100110100110100110100111111111111111111111111111111111111111111111111110111111110
0100011100011100011100011100011100011100011111111111111111111111111111111111111111111111111011111110
0101001101001101001101001101001101001101001111111111111111111111111111111111111111111111111101111110
0111000111000111000111000111000111000111000111111111111111111111111111111111111111111111111110111110
0011010011010011010011010011010011010011010011111111111111111111111111111111111111111111111111011110
0001110001110001110001110001110001110001110001111111111111111111111111111111111111111111111111101110
0100110100110100110100110100110100110100110100111111111111111111111111111111111111111111111111110110
0100011100011100011100011100011100011100011100011111111111111111111111111111111111111111111111111010
0101001101001101001101001101001101001101001101001111111111111111111111111111111111111111111111111110
0111000111000111000111000111000111000111000111000111111111111111111111111111111111111111111111111110
0011010011010011010011010011010011010011010011010011111111111111111111111111111111111111111111111110
0001110001110001110001110001110001110001110001110001111111111111111111111111111111111111111111111110
0100110100110100110100110100110100110100110100110100111111111111111111111111111111111111111111111110
0100011100011100011100011100011100011100011100011100011111111111111111111111111111111111111111111110
0101001101001101001101001101001101001101001101001101001111111111111111111111111111111111111111111110
0111000111000111000111000111000111000111000111000111000111111111111111111111111111111111111111111110
0011010011010011010011010011010011010011010011010011010011111111111111111111111111111111111111111110
0001110001110001110001110001110001110001110001110001110001111111111111111111111111111111111111111110
0100110100110100110100110100110100110100110100110100110100111111111111111111111111111111111111111110
0100011100011100011100011100011100011100011100011100011100011111111111111111111111111111111111111110
0101001101001101001101001101001101001101001101001101001101001111111111111111111111111111111111111110
0111000111000111000111000111000111000111000111000111000111000111111111111111111111111111111111111110
0011010011010011010011010011010011010011010011010011010011010011111111111111111111111111111111111110
0001110001110001110001110001110001110001110001110001110001110001111111111111111111111111111111111110
0100110100110100110100110100110100110100110100110100110100110100111111111111111111111111111111111110
0100011100011100011100011100011100011100011100011100011100011100011111111111111111111111111111111110
0101001101001101001101001101001101001101001101001101001101001101001111111111111111111111111111111110
0111000111000111000111000111000111000111000111000111000111000111000111111111111111111111111111111110
0011010011010011010011010011010011010011010011010011010011010011010011111111111111111111111111111110
0001110001110001110001110001110001110001110001110001110001110001110001111111111111111111111111111110
0100110100110100110100110100110100110100110100110100110100110100110100111111111111111111111111111110
0100011100011100011100011100011100011100011100011100011100011100011100011111111111111111111111111110
0101001101001101001101001101001101001101001101001101001101001101001101001111111111111111111111111110
0111000111000111000111000111000111000111000111000111000111000111000111000111111111111111111111111110
0011010011010011010011010011010011010011010011010011010011010011010011010011111111111111111111111110
0001110001110001110001110001110001110001110001110001110001110001110001110001111111111111111111111110
0100110100110100110100110100110100110100110100110100110100110100110100110100111111111111111111111110
0100011100011100011100011100011100011100011100011100011100011100011100011100011111111111111111111110
0101001101001101001101001101001101001101001101001101001101001101001101001101001111111111111111111110
0111000111000111000111000111000111000111000111000111000111000111000111000111000111111111111111111110
0011010011010011010011010011010011010011010011010011010011010011010011010011010011111111111111111110
0001110001110001110001110001110001110001110001110001110001110001110001110001110001111111111111111110
0100110100110100110100110100110100110100110100110100110100110100110100110100110100111111111111111110
0100011100011100011100011100011100011100011100011100011100011100011100011100011100011111111111111110
0101001101001101001101001101001101001101001101001101001101001101001101001101001101001111111111111110
0111000111000111000111000111000111000111000111000111000111000111000111000111000111000111111111111110
0011010011010011010011010011010011010011010011010011010011010011010011010011010011010011111111111110
0001110001110001110001110001110001110001110001110001110001110001110001110001110001110001111111111110
0100110100110100110100110100110100110100110100110100110100110100110100110100110100110100111111111110
0100011100011100011100011100011100011100011100011100011100011100011100011100011100011100011111111110
0101001101001101001101001101001101001101001101001101001101001101001101001101001101001101001111111110
0111000111000111000111000111000111000111000111000111000111000111000111000111000111000111000111111110
0011010011010011010011010011010011010011010011010011010011010011010011010011010011010011010011111110
0001110001110001110001110001110001110001110001110001110001110001110001110001110001110001110001111110
0100110100110100110100110100110100110100110100110100110100110100110100110100110100110100110100111110
0100011100011100011100011100011100011100011100011100011100011100011100011100011100011100011100011110
0101001101001101001101001101001101001101001101001101001101001101001101001101001101001101001101001110
0111000111000111000111000111000111000111000111000111000111000111000111000111000111000111000111000110
0011010011010011010011010011010011010011010011010011010011010011010011010011010011010011010011010010
0001110001110001110001110001110001110001110001110001110001110001110001110001110001110001110001110010
