0000000000000000000000000000000000000000000000000010000000000000000000000000000000000000000000000000
0000000000000000000000000000000000000000000000000011000000000000000000000000000000000000000000000000
0000000000000000000000000000000000000000000000000001100000000000000000000000000000000000000000000000
0000000000000000000000000000000000000000000000000000110000000000000000000000000000000000000000000000
0000000000000000000000000000000000000000000000000000011000000000000000000000000000000000000000000000
0000000000000000000000000000000000000000000000000000001100000000000000000000000000000000000000000000
0000000000000000000000000000000000000000000000000000000110000000000000000000000000000000000000000000
0000000000000000000000000000000000000000000000000000000011000000000000000000000000000000000000000000
0000000000000000000000000000000000000000000000000000000001100000000000000000000000000000000000000000
0000000000000000000000000000000000000000000000000000000000110000000000000000000000000000000000000000
0000000000000000000000000000000000000000000000000000000000011000000000000000000000000000000000000000
0000000000000000000000000000000000000000000000000000000000001100000000000000000000000000000000000000
0000000000000000000000000000000000000000000000000000000000000110000000000000000000000000000000000000
0000000000000000000000000000000000000000000000000000000000000011000000000000000000000000000000000000
0000000000000000000000000000000000000000000000000000000000000001100000000000000000000000000000000000
0000000000000000000000000000000000000000000000000000000000000000110000000000000000000000000000000000
0000000000000000000000000000000000000000000000000000000000000000011000000000000000000000000000000000
0000000000000000000000000000000000000000000000000000000000000000001100000000000000000000000000000000
0000000000000000000000000000000000000000000000000000000000000000000110000000000000000000000000000000
0000000000000000000000000000000000000000000000000000000000000000000011000000000000000000000000000000
0000000000000000000000000000000000000000000000000000000000000000000001100000000000000000000000000000
0000000000000000000000000000000000000000000000000000000000000000000000110000000000000000000000000000
0000000000000000000000000000000000000000000000000000000000000000000000011000000000000000000000000000
0000000000000000000000000000000000000000000000000000000000000000000000001100000000000000000000000000
0000000000000000000000000000000000000000000000000000000000000000000000000110000000000000000000000000
0000000000000000000000000000000000000000000000000000000000000000000000000011000000000000000000000000
0000000000000000000000000000000000000000000000000000000000000000000000000001100000000000000000000000
0000000000000000000000000000000000000000000000000000000000000000000000000000110000000000000000000000
0000000000000000000000000000000000000000000000000000000000000000000000000000011000000000000000000000
0000000000000000000000000000000000000000000000000000000000000000000000000000001100000000000000000000
0000000000000000000000000000000000000000000000000000000000000000000000000000000110000000000000000000
0000000000000000000000000000000000000000000000000000000000000000000000000000000011000000000000000000
0000000000000000000000000000000000000000000000000000000000000000000000000000000001100000000000000000
0000000000000000000000000000000000000000000000000000000000000000000000000000000000110000000000000000
0000000000000000000000000000000000000000000000000000000000000000000000000000000000011000000000000000
0000000000000000000000000000000000000000000000000000000000000000000000000000000000001100000000000000
0000000000000000000000000000000000000000000000000000000000000000000000000000000000000110000000000000
0000000000000000000000000000000000000000000000000000000000000000000000000000000000000011000000000000
0000000000000000000000000000000000000000000000000000000000000000000000000000000000000001100000000000
0000000000000000000000000000000000000000000000000000000000000000000000000000000000000000110000000000
0000000000000000000000000000000000000000000000000000000000000000000000000000000000000000011000000000
0000000000000000000000000000000000000000000000000000000000000000000000000000000000000000001100000000
0000000000000000000000000000000000000000000000000000000000000000000000000000000000000000000110000000
0000000000000000000000000000000000000000000000000000000000000000000000000000000000000000000011000000
0000000000000000000000000000000000000000000000000000000000000000000000000000000000000000000001100000
0000000000000000000000000000000000000000000000000000000000000000000000000000000000000000000000110000
0000000000000000000000000000000000000000000000000000000000000000000000000000000000000000000000011000
0000000000000000000000000000000000000000000000000000000000000000000000000000000000000000000000001100
0000000000000000000000000000000000000000000000000000000000000000000000000000000000000000000000000110
0000000000000000000000000000000000000000000000000000000000000000000000000000000000000000000000000010
0000000000000000000000000000000000000000000000000000000000000000000000000000000000000000000000000010
0000000000000000000000000000000000000000000000000000000000000000000000000000000000000000000000000010
0000000000000000000000000000000000000000000000000000000000000000000000000000000000000000000000000010
0000000000000000000000000000000000000000000000000000000000000000000000000000000000000000000000000010
0000000000000000000000000000000000000000000000000000000000000000000000000000000000000000000000000010
0000000000000000000000000000000000000000000000000000000000000000000000000000000000000000000000000010
0000000000000000000000000000000000000000000000000000000000000000000000000000000000000000000000000010
0000000000000000000000000000000000000000000000000000000000000000000000000000000000000000000000000010
0000000000000000000000000000000000000000000000000000000000000000000000000000000000000000000000000010
0000000000000000000000000000000000000000000000000000000000000000000000000000000000000000000000000010
0000000000000000000000000000000000000000000000000000000000000000000000000000000000000000000000000010
0000000000000000000000000000000000000000000000000000000000000000000000000000000000000000000000000010
0000000000000000000000000000000000000000000000000000000000000000000000000000000000000000000000000010
0000000000000000000000000000000000000000000000000000000000000000000000000000000000000000000000000010
0000000000000000000000000000000000000000000000000000000000000000000000000000000000000000000000000010
0000000000000000000000000000000000000000000000000000000000000000000000000000000000000000000000000010
0000000000000000000000000000000000000000000000000000000000000000000000000000000000000000000000000010
0000000000000000000000000000000000000000000000000000000000000000000000000000000000000000000000000010
0000000000000000000000000000000000000000000000000000000000000000000000000000000000000000000000000010
0000000000000000000000000000000000000000000000000000000000000000000000000000000000000000000000000010
0000000000000000000000000000000000000000000000000000000000000000000000000000000000000000000000000010
0000000000000000000000000000000000000000000000000000000000000000000000000000000000000000000000000010
0000000000000000000000000000000000000000000000000000000000000000000000000000000000000000000000000010
0000000000000000000000000000000000000000000000000000000000000000000000000000000000000000000000000010
0000000000000000000000000000000000000000000000000000000000000000000000000000000000000000000000000010
0000000000000000000000000000000000000000000000000000000000000000000000000000000000000000000000000010
0000000000000000000000000000000000000000000000000000000000000000000000000000000000000000000000000010
0000000000000000000000000000000000000000000000000000000000000000000000000000000000000000000000000010
0000000000000000000000000000000000000000000000000000000000000000000000000000000000000000000000000010
0000000000000000000000000000000000000000000000000000000000000000000000000000000000000000000000000010
0000000000000000000000000000000000000000000000000000000000000000000000000000000000000000000000000010
0000000000000000000000000000000000000000000000000000000000000000000000000000000000000000000000000010
0000000000000000000000000000000000000000000000000000000000000000000000000000000000000000000000000010
0000000000000000000000000000000000000000000000000000000000000000000000000000000000000000000000000010
0000000000000000000000000000000000000000000000000000000000000000000000000000000000000000000000000010
0000000000000000000000000000000000000000000000000000000000000000000000000000000000000000000000000010
0000000000000000000000000000000000000000000000000000000000000000000000000000000000000000000000000010
0000000000000000000000000000000000000000000000000000000000000000000000000000000000000000000000000010
0000000000000000000000000000000000000000000000000000000000000000000000000000000000000000000000000010
0000000000000000000000000000000000000000000000000000000000000000000000000000000000000000000000000010
0000000000000000000000000000000000000000000000000000000000000000000000000000000000000000000000000010
0000000000000000000000000000000000000000000000000000000000000000000000000000000000000000000000000010
0000000000000000000000000000000000000000000000000000000000000000000000000000000000000000000000000010
0000000000000000000000000000000000000000000000000000000000000000000000000000000000000000000000000010
0000000000000000000000000000000000000000000000000000000000000000000000000000000000000000000000000010
0000000000000000000000000000000000000000000000000000000000000000000000000000000000000000000000000010
0000000000000000000000000000000000000000000000000000000000000000000000000000000000000000000000000010
0000000000000000000000000000000000000000000000000000000000000000000000000000000000000000000000000010
0000000000000000000000000000000000000000000000000000000000000000000000000000000000000000000000000010
0000000000000000000000000000000000000000000000000000000000000000000000000000000000000000000000000010
