0000000000000000000000000000000000000000000000000010000000000000000000000000000000000000000000000000
0111111111111111111111111111111111111111111111111011111111111111111111111111111111111111111111111110
0011111111111111111111111111111111111111111111111101111111111111111111111111111111111111111111111110
0001111111111111111111111111111111111111111111111110111111111111111111111111111111111111111111111110
0100111111111111111111111111111111111111111111111111011111111111111111111111111111111111111111111110
0110011111111111111111111111111111111111111111111111101111111111111111111111111111111111111111111110
0011001111111111111111111111111111111111111111111111110111111111111111111111111111111111111111111110
0001100111111111111111111111111111111111111111111111111011111111111111111111111111111111111111111110
0100110011111111111111111111111111111111111111111111111101111111111111111111111111111111111111111110
0110011001111111111111111111111111111111111111111111111110111111111111111111111111111111111111111110
0011001100111111111111111111111111111111111111111111111111011111111111111111111111111111111111111110
0001100110011111111111111111111111111111111111111111111111101111111111111111111111111111111111111110
0100110011001111111111111111111111111111111111111111111111110111111111111111111111111111111111111110
0110011001100111111111111111111111111111111111111111111111111011111111111111111111111111111111111110
0011001100110011111111111111111111111111111111111111111111111101111111111111111111111111111111111110
0001100110011001111111111111111111111111111111111111111111111110111111111111111111111111111111111110
0100110011001100111111111111111111111111111111111111111111111111011111111111111111111111111111111110
0110011001100110011111111111111111111111111111111111111111111111101111111111111111111111111111111110
0011001100110011001111111111111111111111111111111111111111111111110111111111111111111111111111111110
0001100110011001100111111111111111111111111111111111111111111111111011111111111111111111111111111110
0100110011001100110011111111111111111111111111111111111111111111111101111111111111111111111111111110
0110011001100110011001111111111111111111111111111111111111111111111110111111111111111111111111111110
0011001100110011001100111111111111111111111111111111111111111111111111011111111111111111111111111110
0001100110011001100110011111111111111111111111111111111111111111111111101111111111111111111111111110
0100110011001100110011001111111111111111111111111111111111111111111111110111111111111111111111111110
0110011001100110011001100111111111111111111111111111111111111111111111111011111111111111111111111110
0011001100110011001100110011111111111111111111111111111111111111111111111101111111111111111111111110
0001100110011001100110011001111111111111111111111111111111111111111111111110111111111111111111111110
0100110011001100110011001100111111111111111111111111111111111111111111111111011111111111111111111110
0110011001100110011001100110011111111111111111111111111111111111111111111111101111111111111111111110
0011001100110011001100110011001111111111111111111111111111111111111111111111110111111111111111111110
0001100110011001100110011001100111111111111111111111111111111111111111111111111011111111111111111110
0100110011001100110011001100110011111111111111111111111111111111111111111111111101111111111111111110
0110011001100110011001100110011001111111111111111111111111111111111111111111111110111111111111111110
0011001100110011001100110011001100111111111111111111111111111111111111111111111111011111111111111110
0001100110011001100110011001100110011111111111111111111111111111111111111111111111101111111111111110
0100110011001100110011001100110011001111111111111111111111111111111111111111111111110111111111111110
0110011001100110011001100110011001100111111111111111111111111111111111111111111111111011111111111110
0011001100110011001100110011001100110011111111111111111111111111111111111111111111111101111111111110
0001100110011001100110011001100110011001111111111111111111111111111111111111111111111110111111111110
0100110011001100110011001100110011001100111111111111111111111111111111111111111111111111011111111110
0110011001100110011001100110011001100110011111111111111111111111111111111111111111111111101111111110
0011001100110011001100110011001100110011001111111111111111111111111111111111111111111111110111111110
0001100110011001100110011001100110011001100111111111111111111111111111111111111111111111111011111110
0100110011001100110011001100110011001100110011111111111111111111111111111111111111111111111101111110
0110011001100110011001100110011001100110011001111111111111111111111111111111111111111111111110111110
0011001100110011001100110011001100110011001100111111111111111111111111111111111111111111111111011110
0001100110011001100110011001100110011001100110011111111111111111111111111111111111111111111111101110
0100110011001100110011001100110011001100110011001111111111111111111111111111111111111111111111110110
0110011001100110011001100110011001100110011001100111111111111111111111111111111111111111111111111010
0011001100110011001100110011001100110011001100110011111111111111111111111111111111111111111111111110
0001100110011001100110011001100110011001100110011001111111111111111111111111111111111111111111111110
0100110011001100110011001100110011001100110011001100111111111111111111111111111111111111111111111110
0110011001100110011001100110011001100110011001100110011111111111111111111111111111111111111111111110
0011001100110011001100110011001100110011001100110011001111111111111111111111111111111111111111111110
0001100110011001100110011001100110011001100110011001100111111111111111111111111111111111111111111110
0100110011001100110011001100110011001100110011001100110011111111111111111111111111111111111111111110
0110011001100110011001100110011001100110011001100110011001111111111111111111111111111111111111111110
0011001100110011001100110011001100110011001100110011001100111111111111111111111111111111111111111110
0001100110011001100110011001100110011001100110011001100110011111111111111111111111111111111111111110
0100110011001100110011001100110011001100110011001100110011001111111111111111111111111111111111111110
0110011001100110011001100110011001100110011001100110011001100111111111111111111111111111111111111110
0011001100110011001100110011001100110011001100110011001100110011111111111111111111111111111111111110
0001100110011001100110011001100110011001100110011001100110011001111111111111111111111111111111111110
0100110011001100110011001100110011001100110011001100110011001100111111111111111111111111111111111110
0110011001100110011001100110011001100110011001100110011001100110011111111111111111111111111111111110
0011001100110011001100110011001100110011001100110011001100110011001111111111111111111111111111111110
0001100110011001100110011001100110011001100110011001100110011001100111111111111111111111111111111110
0100110011001100110011001100110011001100110011001100110011001100110011111111111111111111111111111110
0110011001100110011001100110011001100110011001100110011001100110011001111111111111111111111111111110
0011001100110011001100110011001100110011001100110011001100110011001100111111111111111111111111111110
0001100110011001100110011001100110011001100110011001100110011001100110011111111111111111111111111110
0100110011001100110011001100110011001100110011001100110011001100110011001111111111111111111111111110
0110011001100110011001100110011001100110011001100110011001100110011001100111111111111111111111111110
0011001100110011001100110011001100110011001100110011001100110011001100110011111111111111111111111110
0001100110011001100110011001100110011001100110011001100110011001100110011001111111111111111111111110
0100110011001100110011001100110011001100110011001100110011001100110011001100111111111111111111111110
0110011001100110011001100110011001100110011001100110011001100110011001100110011111111111111111111110
0011001100110011001100110011001100110011001100110011001100110011001100110011001111111111111111111110
0001100110011001100110011001100110011001100110011001100110011001100110011001100111111111111111111110
0100110011001100110011001100110011001100110011001100110011001100110011001100110011111111111111111110
0110011001100110011001100110011001100110011001100110011001100110011001100110011001111111111111111110
0011001100110011001100110011001100110011001100110011001100110011001100110011001100111111111111111110
0001100110011001100110011001100110011001100110011001100110011001100110011001100110011111111111111110
0100110011001100110011001100110011001100110011001100110011001100110011001100110011001111111111111110
0110011001100110011001100110011001100110011001100110011001100110011001100110011001100111111111111110
0011001100110011001100110011001100110011001100110011001100110011001100110011001100110011111111111110
0001100110011001100110011001100110011001100110011001100110011001100110011001100110011001111111111110
0100110011001100110011001100110011001100110011001100110011001100110011001100110011001100111111111110
0110011001100110011001100110011001100110011001100110011001100110011001100110011001100110011111111110
0011001100110011001100110011001100110011001100110011001100110011001100110011001100110011001111111110
0001100110011001100110011001100110011001100110011001100110011001100110011001100110011001100111111110
0100110011001100110011001100110011001100110011001100110011001100110011001100110011001100110011111110
0110011001100110011001100110011001100110011001100110011001100110011001100110011001100110011001111110
0011001100110011001100110011001100110011001100110011001100110011001100110011001100110011001100111110
0001100110011001100110011001100110011001100110011001100110011001100110011001100110011001100110011110
0100110011001100110011001100110011001100110011001100110011001100110011001100110011001100110011001110
0110011001100110011001100110011001100110011001100110011001100110011001100110011001100110011001100110
0011001100110011001100110011001100110011001100110011001100110011001100110011001100110011001100110010
0001100110011001100110011001100110011001100110011001100110011001100110011001100110011001100110011010
