0000000000000000000000000000000000000000000000000010000000000000000000000000000000000000000000000000
0111111111111111111111111111111111111111111111111100111111111111111111111111111111111111111111111110
0011111111111111111111111111111111111111111111111001011111111111111111111111111111111111111111111100
0101111111111111111111111111111111111111111111110010101111111111111111111111111111111111111111111000
0010111111111111111111111111111111111111111111100101010111111111111111111111111111111111111111110010
0101011111111111111111111111111111111111111111001010101011111111111111111111111111111111111111100100
0010101111111111111111111111111111111111111110010101010101111111111111111111111111111111111111001000
0101010111111111111111111111111111111111111100101010101010111111111111111111111111111111111110010010
0010101011111111111111111111111111111111111001010101010101011111111111111111111111111111111100100100
0101010101111111111111111111111111111111110010101010101010101111111111111111111111111111111001001000
0010101010111111111111111111111111111111100101010101010101010111111111111111111111111111110010010010
0101010101011111111111111111111111111111001010101010101010101011111111111111111111111111100100100100
0010101010101111111111111111111111111110010101010101010101010101111111111111111111111111001001001000
0101010101010111111111111111111111111100101010101010101010101010111111111111111111111110010010010010
0010101010101011111111111111111111111001010101010101010101010101011111111111111111111100100100100100
0101010101010101111111111111111111110010101010101010101010101010101111111111111111111001001001001000
0010101010101010111111111111111111100101010101010101010101010101010111111111111111110010010010010010
0101010101010101011111111111111111001010101010101010101010101010101011111111111111100100100100100100
0010101010101010101111111111111110010101010101010101010101010101010101111111111111001001001001001000
0101010101010101010111111111111100101010101010101010101010101010101010111111111110010010010010010010
0010101010101010101011111111111001010101010101010101010101010101010101011111111100100100100100100100
0101010101010101010101111111110010101010101010101010101010101010101010101111111001001001001001001000
0010101010101010101010111111100101010101010101010101010101010101010101010111110010010010010010010010
0101010101010101010101011111001010101010101010101010101010101010101010101011100100100100100100100100
0010101010101010101010101110010101010101010101010101010101010101010101010101001001001001001001001000
0101010101010101010101010100101010101010101010101010101010101010101010101010010010010010010010010010
0010101010101010101010101001010101010101010101010101010101010101010101010100100100100100100100100100
0101010101010101010101010010101010101010101010101010101010101010101010101001001001001001001001001000
0010101010101010101010100101010101010101010101010101010101010101010101010010010010010010010010010010
0101010101010101010101001010101010101010101010101010101010101010101010100100100100100100100100100100
0010101010101010101010010101010101010101010101010101010101010101010101001001001001001001001001001000
0101010101010101010100101010101010101010101010101010101010101010101010010010010010010010010010010010
0010101010101010101001010101010101010101010101010101010101010101010100100100100100100100100100100100
0101010101010101010010101010101010101010101010101010101010101010101001001001001001001001001001001000
0010101010101010100101010101010101010101010101010101010101010101010010010010010010010010010010010010
0101010101010101001010101010101010101010101010101010101010101010100100100100100100100100100100100100
0010101010101010010101010101010101010101010101010101010101010101001001001001001001001001001001001000
0101010101010100101010101010101010101010101010101010101010101010010010010010010010010010010010010010
0010101010101001010101010101010101010101010101010101010101010100100100100100100100100100100100100100
0101010101010010101010101010101010101010101010101010101010101001001001001001001001001001001001001000
0010101010100101010101010101010101010101010101010101010101010010010010010010010010010010010010010010
0101010101001010101010101010101010101010101010101010101010100100100100100100100100100100100100100100
0010101010010101010101010101010101010101010101010101010101001001001001001001001001001001001001001000
0101010100101010101010101010101010101010101010101010101010010010010010010010010010010010010010010010
0010101001010101010101010101010101010101010101010101010100100100100100100100100100100100100100100100
0101010010101010101010101010101010101010101010101010101001001001001001001001001001001001001001001000
0010100101010101010101010101010101010101010101010101010010010010010010010010010010010010010010010010
0101001010101010101010101010101010101010101010101010100100100100100100100100100100100100100100100100
0010010101010101010101010101010101010101010101010101001001001001001001001001001001001001001001001000
0100101010101010101010101010101010101010101010101010010010010010010010010010010010010010010010010010
0001010101010101010101010101010101010101010101010100100100100100100100100100100100100100100100100100
0110101010101010101010101010101010101010101010101001001001001001001001001001001001001001001001001000
0001010101010101010101010101010101010101010101010010010010010010010010010010010010010010010010010010
0110101010101010101010101010101010101010101010100100100100100100100100100100100100100100100100100100
0001010101010101010101010101010101010101010101001001001001001001001001001001001001001001001001001000
0110101010101010101010101010101010101010101010010010010010010010010010010010010010010010010010010010
0001010101010101010101010101010101010101010100100100100100100100100100100100100100100100100100100100
0110101010101010101010101010101010101010101001001001001001001001001001001001001001001001001001001000
0001010101010101010101010101010101010101010010010010010010010010010010010010010010010010010010010010
0110101010101010101010101010101010101010100100100100100100100100100100100100100100100100100100100100
0001010101010101010101010101010101010101001001001001001001001001001001001001001001001001001001001000
0110101010101010101010101010101010101010010010010010010010010010010010010010010010010010010010010010
0001010101010101010101010101010101010100100100100100100100100100100100100100100100100100100100100100
0110101010101010101010101010101010101001001001001001001001001001001001001001001001001001001001001000
0001010101010101010101010101010101010010010010010010010010010010010010010010010010010010010010010010
0110101010101010101010101010101010100100100100100100100100100100100100100100100100100100100100100100
0001010101010101010101010101010101001001001001001001001001001001001001001001001001001001001001001000
0110101010101010101010101010101010010010010010010010010010010010010010010010010010010010010010010010
0001010101010101010101010101010100100100100100100100100100100100100100100100100100100100100100100100
0110101010101010101010101010101001001001001001001001001001001001001001001001001001001001001001001000
0001010101010101010101010101010010010010010010010010010010010010010010010010010010010010010010010010
0110101010101010101010101010100100100100100100100100100100100100100100100100100100100100100100100100
0001010101010101010101010101001001001001001001001001001001001001001001001001001001001001001001001000
0110101010101010101010101010010010010010010010010010010010010010010010010010010010010010010010010010
0001010101010101010101010100100100100100100100100100100100100100100100100100100100100100100100100100
0110101010101010101010101001001001001001001001001001001001001001001001001001001001001001001001001000
0001010101010101010101010010010010010010010010010010010010010010010010010010010010010010010010010010
0110101010101010101010100100100100100100100100100100100100100100100100100100100100100100100100100100
0001010101010101010101001001001001001001001001001001001001001001001001001001001001001001001001001000
0110101010101010101010010010010010010010010010010010010010010010010010010010010010010010010010010010
0001010101010101010100100100100100100100100100100100100100100100100100100100100100100100100100100100
0110101010101010101001001001001001001001001001001001001001001001001001001001001001001001001001001000
0001010101010101010010010010010010010010010010010010010010010010010010010010010010010010010010010010
0110101010101010100100100100100100100100100100100100100100100100100100100100100100100100100100100100
0001010101010101001001001001001001001001001001001001001001001001001001001001001001001001001001001000
0110101010101010010010010010010010010010010010010010010010010010010010010010010010010010010010010010
0001010101010100100100100100100100100100100100100100100100100100100100100100100100100100100100100100
0110101010101001001001001001001001001001001001001001001001001001001001001001001001001001001001001000
0001010101010010010010010010010010010010010010010010010010010010010010010010010010010010010010010010
0110101010100100100100100100100100100100100100100100100100100100100100100100100100100100100100100100
0001010101001001001001001001001001001001001001001001001001001001001001001001001001001001001001001000
0110101010010010010010010010010010010010010010010010010010010010010010010010010010010010010010010010
0001010100100100100100100100100100100100100100100100100100100100100100100100100100100100100100100100
0110101001001001001001001001001001001001001001001001001001001001001001001001001001001001001001001000
0001010010010010010010010010010010010010010010010010010010010010010010010010010010010010010010010010
0110100100100100100100100100100100100100100100100100100100100100100100100100100100100100100100100100
0001001001001001001001001001001001001001001001001001001001001001001001001001001001001001001001001000
0110010010010010010010010010010010010010010010010010010010010010010010010010010010010010010010010010
0000100100100100100100100100100100100100100100100100100100100100100100100100100100100100100100100100
0111001001001001001001001001001001001001001001001001001001001001001001001001001001001001001001001000
