0000000000000000000000000000000000000000000000000010000000000000000000000000000000000000000000000000
0111111111111111111111111111111111111111111111111101111111111111111111111111111111111111111111111110
0011111111111111111111111111111111111111111111111010111111111111111111111111111111111111111111111100
0101111111111111111111111111111111111111111111110101011111111111111111111111111111111111111111111010
0010111111111111111111111111111111111111111111101010101111111111111111111111111111111111111111110100
0101011111111111111111111111111111111111111111010101010111111111111111111111111111111111111111101010
0010101111111111111111111111111111111111111110101010101011111111111111111111111111111111111111010100
0101010111111111111111111111111111111111111101010101010101111111111111111111111111111111111110101010
0010101011111111111111111111111111111111111010101010101010111111111111111111111111111111111101010100
0101010101111111111111111111111111111111110101010101010101011111111111111111111111111111111010101010
0010101010111111111111111111111111111111101010101010101010101111111111111111111111111111110101010100
0101010101011111111111111111111111111111010101010101010101010111111111111111111111111111101010101010
0010101010101111111111111111111111111110101010101010101010101011111111111111111111111111010101010100
0101010101010111111111111111111111111101010101010101010101010101111111111111111111111110101010101010
0010101010101011111111111111111111111010101010101010101010101010111111111111111111111101010101010100
0101010101010101111111111111111111110101010101010101010101010101011111111111111111111010101010101010
0010101010101010111111111111111111101010101010101010101010101010101111111111111111110101010101010100
0101010101010101011111111111111111010101010101010101010101010101010111111111111111101010101010101010
0010101010101010101111111111111110101010101010101010101010101010101011111111111111010101010101010100
0101010101010101010111111111111101010101010101010101010101010101010101111111111110101010101010101010
0010101010101010101011111111111010101010101010101010101010101010101010111111111101010101010101010100
0101010101010101010101111111110101010101010101010101010101010101010101011111111010101010101010101010
0010101010101010101010111111101010101010101010101010101010101010101010101111110101010101010101010100
0101010101010101010101011111010101010101010101010101010101010101010101010111101010101010101010101010
0010101010101010101010101110101010101010101010101010101010101010101010101011010101010101010101010100
0101010101010101010101010101010101010101010101010101010101010101010101010100101010101010101010101010
0010101010101010101010101010101010101010101010101010101010101010101010101011010101010101010101010100
0101010101010101010101010101010101010101010101010101010101010101010101010100101010101010101010101010
0010101010101010101010101010101010101010101010101010101010101010101010101011010101010101010101010100
0101010101010101010101010101010101010101010101010101010101010101010101010100101010101010101010101010
0010101010101010101010101010101010101010101010101010101010101010101010101011010101010101010101010100
0101010101010101010101010101010101010101010101010101010101010101010101010100101010101010101010101010
0010101010101010101010101010101010101010101010101010101010101010101010101011010101010101010101010100
0101010101010101010101010101010101010101010101010101010101010101010101010100101010101010101010101010
0010101010101010101010101010101010101010101010101010101010101010101010101011010101010101010101010100
0101010101010101010101010101010101010101010101010101010101010101010101010100101010101010101010101010
0010101010101010101010101010101010101010101010101010101010101010101010101011010101010101010101010100
0101010101010101010101010101010101010101010101010101010101010101010101010100101010101010101010101010
0010101010101010101010101010101010101010101010101010101010101010101010101011010101010101010101010100
0101010101010101010101010101010101010101010101010101010101010101010101010100101010101010101010101010
0010101010101010101010101010101010101010101010101010101010101010101010101011010101010101010101010100
0101010101010101010101010101010101010101010101010101010101010101010101010100101010101010101010101010
0010101010101010101010101010101010101010101010101010101010101010101010101011010101010101010101010100
0101010101010101010101010101010101010101010101010101010101010101010101010100101010101010101010101010
0010101010101010101010101010101010101010101010101010101010101010101010101011010101010101010101010100
0101010101010101010101010101010101010101010101010101010101010101010101010100101010101010101010101010
0010101010101010101010101010101010101010101010101010101010101010101010101011010101010101010101010100
0101010101010101010101010101010101010101010101010101010101010101010101010100101010101010101010101010
0010101010101010101010101010101010101010101010101010101010101010101010101011010101010101010101010100
0101010101010101010101010101010101010101010101010101010101010101010101010100101010101010101010101010
0010101010101010101010101010101010101010101010101010101010101010101010101011010101010101010101010100
0101010101010101010101010101010101010101010101010101010101010101010101010100101010101010101010101010
0010101010101010101010101010101010101010101010101010101010101010101010101011010101010101010101010100
0101010101010101010101010101010101010101010101010101010101010101010101010100101010101010101010101010
0010101010101010101010101010101010101010101010101010101010101010101010101011010101010101010101010100
0101010101010101010101010101010101010101010101010101010101010101010101010100101010101010101010101010
0010101010101010101010101010101010101010101010101010101010101010101010101011010101010101010101010100
0101010101010101010101010101010101010101010101010101010101010101010101010100101010101010101010101010
0010101010101010101010101010101010101010101010101010101010101010101010101011010101010101010101010100
0101010101010101010101010101010101010101010101010101010101010101010101010100101010101010101010101010
0010101010101010101010101010101010101010101010101010101010101010101010101011010101010101010101010100
0101010101010101010101010101010101010101010101010101010101010101010101010100101010101010101010101010
0010101010101010101010101010101010101010101010101010101010101010101010101011010101010101010101010100
0101010101010101010101010101010101010101010101010101010101010101010101010100101010101010101010101010
0010101010101010101010101010101010101010101010101010101010101010101010101011010101010101010101010100
0101010101010101010101010101010101010101010101010101010101010101010101010100101010101010101010101010
0010101010101010101010101010101010101010101010101010101010101010101010101011010101010101010101010100
0101010101010101010101010101010101010101010101010101010101010101010101010100101010101010101010101010
0010101010101010101010101010101010101010101010101010101010101010101010101011010101010101010101010100
0101010101010101010101010101010101010101010101010101010101010101010101010100101010101010101010101010
0010101010101010101010101010101010101010101010101010101010101010101010101011010101010101010101010100
0101010101010101010101010101010101010101010101010101010101010101010101010100101010101010101010101010
0010101010101010101010101010101010101010101010101010101010101010101010101011010101010101010101010100
0101010101010101010101010101010101010101010101010101010101010101010101010100101010101010101010101010
0010101010101010101010101010101010101010101010101010101010101010101010101011010101010101010101010100
0101010101010101010101010101010101010101010101010101010101010101010101010100101010101010101010101010
0010101010101010101010101010101010101010101010101010101010101010101010101011010101010101010101010100
0101010101010101010101010101010101010101010101010101010101010101010101010100101010101010101010101010
0010101010101010101010101010101010101010101010101010101010101010101010101011010101010101010101010100
0101010101010101010101010101010101010101010101010101010101010101010101010100101010101010101010101010
0010101010101010101010101010101010101010101010101010101010101010101010101011010101010101010101010100
0101010101010101010101010101010101010101010101010101010101010101010101010100101010101010101010101010
0010101010101010101010101010101010101010101010101010101010101010101010101011010101010101010101010100
0101010101010101010101010101010101010101010101010101010101010101010101010100101010101010101010101010
0010101010101010101010101010101010101010101010101010101010101010101010101011010101010101010101010100
0101010101010101010101010101010101010101010101010101010101010101010101010100101010101010101010101010
0010101010101010101010101010101010101010101010101010101010101010101010101011010101010101010101010100
0101010101010101010101010101010101010101010101010101010101010101010101010100101010101010101010101010
0010101010101010101010101010101010101010101010101010101010101010101010101011010101010101010101010100
0101010101010101010101010101010101010101010101010101010101010101010101010100101010101010101010101010
0010101010101010101010101010101010101010101010101010101010101010101010101011010101010101010101010100
0101010101010101010101010101010101010101010101010101010101010101010101010100101010101010101010101010
0010101010101010101010101010101010101010101010101010101010101010101010101011010101010101010101010100
0101010101010101010101010101010101010101010101010101010101010101010101010100101010101010101010101010
0010101010101010101010101010101010101010101010101010101010101010101010101011010101010101010101010100
0101010101010101010101010101010101010101010101010101010101010101010101010100101010101010101010101010
0010101010101010101010101010101010101010101010101010101010101010101010101011010101010101010101010100
0101010101010101010101010101010101010101010101010101010101010101010101010100101010101010101010101010
0010101010101010101010101010101010101010101010101010101010101010101010101011010101010101010101010100
0101010101010101010101010101010101010101010101010101010101010101010101010100101010101010101010101010
