0000000000000000000000000000000000000000000000000010000000000000000000000000000000000000000000000000
0111111111111111111111111111111111111111111111111110111111111111111111111111111111111111111111111110
0011111111111111111111111111111111111111111111111101011111111111111111111111111111111111111111111100
0101111111111111111111111111111111111111111111111011101111111111111111111111111111111111111111111000
0110111111111111111111111111111111111111111111110101010111111111111111111111111111111111111111110010
0001011111111111111111111111111111111111111111101111111011111111111111111111111111111111111111100110
0111101111111111111111111111111111111111111111010111110101111111111111111111111111111111111111001000
0011010111111111111111111111111111111111111110111011101110111111111111111111111111111111111110011010
0100111011111111111111111111111111111111111101010101010101011111111111111111111111111111111100100110
0101010101111111111111111111111111111111111011111111111111101111111111111111111111111111111001101000
0111111110111111111111111111111111111111110101111111111111010111111111111111111111111111110010011010
0011111101011111111111111111111111111111101110111111111110111011111111111111111111111111100110100110
0101111011101111111111111111111111111111010101011111111101010101111111111111111111111111001001101000
0110110101010111111111111111111111111110111111101111111011111110111111111111111111111110011010011010
0001001111111011111111111111111111111101011111010111110101111101011111111111111111111100100110100110
0111010111110101111111111111111111111011101110111011101110111011101111111111111111111001101001101000
0010111011101110111111111111111111110101010101010101010101010101010111111111111111110010011010011010
0111010101010101011111111111111111101111111111111111111111111111111011111111111111100110100110100110
0010111111111111101111111111111111010111111111111111111111111111110101111111111111001001101001101000
0111011111111111010111111111111110111011111111111111111111111111101110111111111110011010011010011010
0010101111111110111011111111111101010101111111111111111111111111010101011111111100100110100110100110
0111110111111101010101111111111011111110111111111111111111111110111111101111111001101001101001101000
0011101011111011111110111111110101111101011111111111111111111101011111010111110010011010011010011010
0101011101110101111101011111101110111011101111111111111111111011101110111011100110100110100110100110
0111101010101110111011101111010101010101010111111111111111110101010101010101001001101001101001101000
0011011111110101010101010110111111111111111011111111111111101111111111111111011010011010011010011010
0100101111101111111111111001011111111111110101111111111111010111111111111110100110100110100110100110
0101110111010111111111110011101111111111101110111111111110111011111111111101101001101001101001101000
0110101010111011111111100101010111111111010101011111111101010101111111111010011010011010011010011010
0001111111010101111111001111111011111110111111101111111011111110111111110110100110100110100110100110
0110111110111110111110010111110101111101011111010111110101111101011111101001101001101001101001101000
0001011101011101011100111011101110111011101110111011101110111011101111011010011010011010011010011010
0111101011101011101001010101010101010101010101010101010101010101010110100110100110100110100110100110
0011011101011101011011111111111111111111111111111111111111111111111001101001101001101001101001101000
0100101011101011100101111111111111111111111111111111111111111111110010011010011010011010011010011010
0101111101011101001110111111111111111111111111111111111111111111100110100110100110100110100110100110
0110111011101011010101011111111111111111111111111111111111111111001001101001101001101001101001101000
0001010101011100111111101111111111111111111111111111111111111110011010011010011010011010011010011010
0111111111101001011111010111111111111111111111111111111111111100100110100110100110100110100110100110
0011111111011011101110111011111111111111111111111111111111111001101001101001101001101001101001101000
0101111110100101010101010101111111111111111111111111111111110010011010011010011010011010011010011010
0110111101101111111111111110111111111111111111111111111111100110100110100110100110100110100110100110
0001011010010111111111111101011111111111111111111111111111001001101001101001101001101001101001101000
0111100110111011111111111011101111111111111111111111111110011010011010011010011010011010011010011010
0011001001010101111111110101010111111111111111111111111100100110100110100110100110100110100110100110
0100011011111110111111101111111011111111111111111111111001101001101001101001101001101001101001101000
0101100101111101011111010111110101111111111111111111110010011010011010011010011010011010011010011010
0110001110111011101110111011101110111111111111111111100110100110100110100110100110100110100110100110
0000110101010101010101010101010101011111111111111111001001101001101001101001101001101001101001101000
0111001111111111111111111111111111101111111111111110011010011010011010011010011010011010011010011010
0010010111111111111111111111111111010111111111111100100110100110100110100110100110100110100110100110
0110111011111111111111111111111110111011111111111001101001101001101001101001101001101001101001101000
0001010101111111111111111111111101010101111111110010011010011010011010011010011010011010011010011010
0111111110111111111111111111111011111110111111100110100110100110100110100110100110100110100110100110
0011111101011111111111111111110101111101011111001001101001101001101001101001101001101001101001101000
0101111011101111111111111111101110111011101110011010011010011010011010011010011010011010011010011010
0110110101010111111111111111010101010101010100100110100110100110100110100110100110100110100110100110
0001001111111011111111111110111111111111111101101001101001101001101001101001101001101001101001101000
0111010111110101111111111101011111111111111010011010011010011010011010011010011010011010011010011010
0010111011101110111111111011101111111111110110100110100110100110100110100110100110100110100110100110
0111010101010101011111110101010111111111101001101001101001101001101001101001101001101001101001101000
0010111111111111101111101111111011111111011010011010011010011010011010011010011010011010011010011010
0111011111111111010111010111110101111110100110100110100110100110100110100110100110100110100110100110
0010101111111110111010111011101110111101101001101001101001101001101001101001101001101001101001101000
0111110111111101010111010101010101011010011010011010011010011010011010011010011010011010011010011010
0011101011111011111010111111111111100110100110100110100110100110100110100110100110100110100110100110
0101011101110101110111011111111111001001101001101001101001101001101001101001101001101001101001101000
0111101010101110101010101111111110011010011010011010011010011010011010011010011010011010011010011010
0011011111110101111111110111111100100110100110100110100110100110100110100110100110100110100110100110
0100101111101110111111101011111001101001101001101001101001101001101001101001101001101001101001101000
0101110111010101011111011101110010011010011010011010011010011010011010011010011010011010011010011010
0110101010111111101110101010100110100110100110100110100110100110100110100110100110100110100110100110
0001111111011111010101111111101001101001101001101001101001101001101001101001101001101001101001101000
0110111110101110111110111111011010011010011010011010011010011010011010011010011010011010011010011010
0001011101110101011101011110100110100110100110100110100110100110100110100110100110100110100110100110
0111101010101111101011101101101001101001101001101001101001101001101001101001101001101001101001101000
0011011111110111011101010010011010011010011010011010011010011010011010011010011010011010011010011010
0100101111101010101011110110100110100110100110100110100110100110100110100110100110100110100110100110
0101110111011111111101101001101001101001101001101001101001101001101001101001101001101001101001101000
0110101010101111111010011010011010011010011010011010011010011010011010011010011010011010011010011010
0001111111110111110110100110100110100110100110100110100110100110100110100110100110100110100110100110
0110111111101011101001101001101001101001101001101001101001101001101001101001101001101001101001101000
0001011111011101011010011010011010011010011010011010011010011010011010011010011010011010011010011010
0111101110101011100110100110100110100110100110100110100110100110100110100110100110100110100110100110
0011010101111101001001101001101001101001101001101001101001101001101001101001101001101001101001101000
0100111110111011011010011010011010011010011010011010011010011010011010011010011010011010011010011010
0101011101010100100110100110100110100110100110100110100110100110100110100110100110100110100110100110
0111101011111101101001101001101001101001101001101001101001101001101001101001101001101001101001101000
0011011101111010011010011010011010011010011010011010011010011010011010011010011010011010011010011010
0100101010110110100110100110100110100110100110100110100110100110100110100110100110100110100110100110
0101111111001001101001101001101001101001101001101001101001101001101001101001101001101001101001101000
0110111110011010011010011010011010011010011010011010011010011010011010011010011010011010011010011010
0001011100100110100110100110100110100110100110100110100110100110100110100110100110100110100110100110
0111101001101001101001101001101001101001101001101001101001101001101001101001101001101001101001101000
0011011010011010011010011010011010011010011010011010011010011010011010011010011010011010011010011010
0100100110100110100110100110100110100110100110100110100110100110100110100110100110100110100110100110
0101101001101001101001101001101001101001101001101001101001101001101001101001101001101001101001101000
0110011010011010011010011010011010011010011010011010011010011010011010011010011010011010011010011010
0000100110100110100110100110100110100110100110100110100110100110100110100110100110100110100110100110
0111101001101001101001101001101001101001101001101001101001101001101001101001101001101001101001101000
