0000000000000000000000000000000000000000000000000010000000000000000000000000000000000000000000000000
0000000000000000000000000000000000000000000000000111000000000000000000000000000000000000000000000000
0000000000000000000000000000000000000000000000001010100000000000000000000000000000000000000000000000
0000000000000000000000000000000000000000000000011111110000000000000000000000000000000000000000000000
0000000000000000000000000000000000000000000000101111101000000000000000000000000000000000000000000000
0000000000000000000000000000000000000000000001110111011100000000000000000000000000000000000000000000
0000000000000000000000000000000000000000000010101010101010000000000000000000000000000000000000000000
0000000000000000000000000000000000000000000111111111111111000000000000000000000000000000000000000000
0000000000000000000000000000000000000000001011111111111110100000000000000000000000000000000000000000
0000000000000000000000000000000000000000011101111111111101110000000000000000000000000000000000000000
0000000000000000000000000000000000000000101010111111111010101000000000000000000000000000000000000000
0000000000000000000000000000000000000001111111011111110111111100000000000000000000000000000000000000
0000000000000000000000000000000000000010111110101111101011111010000000000000000000000000000000000000
0000000000000000000000000000000000000111011101110111011101110111000000000000000000000000000000000000
0000000000000000000000000000000000001010101010101010101010101010100000000000000000000000000000000000
0000000000000000000000000000000000011111111111111111111111111111110000000000000000000000000000000000
0000000000000000000000000000000000101111111111111111111111111111101000000000000000000000000000000000
0000000000000000000000000000000001110111111111111111111111111111011100000000000000000000000000000000
0000000000000000000000000000000010101011111111111111111111111110101010000000000000000000000000000000
0000000000000000000000000000000111111101111111111111111111111101111111000000000000000000000000000000
0000000000000000000000000000001011111010111111111111111111111010111110100000000000000000000000000000
0000000000000000000000000000011101110111011111111111111111110111011101110000000000000000000000000000
0000000000000000000000000000101010101010101111111111111111101010101010101000000000000000000000000000
0000000000000000000000000001111111111111110111111111111111011111111111111100000000000000000000000000
0000000000000000000000000010111111111111101011111111111110101111111111111010000000000000000000000000
0000000000000000000000000111011111111111011101111111111101110111111111110111000000000000000000000000
0000000000000000000000001010101111111110101010111111111010101011111111101010100000000000000000000000
0000000000000000000000011111110111111101111111011111110111111101111111011111110000000000000000000000
0000000000000000000000101111101011111010111110101111101011111010111110101111101000000000000000000000
0000000000000000000001110111011101110111011101110111011101110111011101110111011100000000000000000000
0000000000000000000010101010101010101010101010101010101010101010101010101010101010000000000000000000
0000000000000000000111111111111111111111111111111111111111111111111111111111111111000000000000000000
0000000000000000001011111111111111111111111111111111111111111111111111111111111110100000000000000000
0000000000000000011101111111111111111111111111111111111111111111111111111111111101110000000000000000
0000000000000000101010111111111111111111111111111111111111111111111111111111111010101000000000000000
0000000000000001111111011111111111111111111111111111111111111111111111111111110111111100000000000000
0000000000000010111110101111111111111111111111111111111111111111111111111111101011111010000000000000
0000000000000111011101110111111111111111111111111111111111111111111111111111011101110111000000000000
0000000000001010101010101011111111111111111111111111111111111111111111111110101010101010100000000000
0000000000011111111111111101111111111111111111111111111111111111111111111101111111111111110000000000
0000000000101111111111111010111111111111111111111111111111111111111111111010111111111111101000000000
0000000001110111111111110111011111111111111111111111111111111111111111110111011111111111011100000000
0000000010101011111111101010101111111111111111111111111111111111111111101010101111111110101010000000
0000000111111101111111011111110111111111111111111111111111111111111111011111110111111101111111000000
0000001011111010111110101111101011111111111111111111111111111111111110101111101011111010111110100000
0000011101110111011101110111011101111111111111111111111111111111111101110111011101110111011101110000
0000101010101010101010101010101010111111111111111111111111111111111010101010101010101010101010101000
0001111111111111111111111111111111011111111111111111111111111111110111111111111111111111111111111100
0010111111111111111111111111111110101111111111111111111111111111101011111111111111111111111111111010
0111011111111111111111111111111101110111111111111111111111111111011101111111111111111111111111110110
0010101111111111111111111111111010101011111111111111111111111110101010111111111111111111111111101000
0111110111111111111111111111110111111101111111111111111111111101111111011111111111111111111111011100
0011101011111111111111111111101011111010111111111111111111111010111110101111111111111111111110101010
0101011101111111111111111111011101110111011111111111111111110111011101110111111111111111111101111110
0111101010111111111111111110101010101010101111111111111111101010101010101011111111111111111010111100
0011011111011111111111111101111111111111110111111111111111011111111111111101111111111111110111011010
0100101110101111111111111010111111111111101011111111111110101111111111111010111111111111101010100110
0111110101110111111111110111011111111111011101111111111101110111111111110111011111111111011111111000
0011101110101011111111101010101111111110101010111111111010101011111111101010101111111110101111110100
0101010101111101111111011111110111111101111111011111110111111101111111011111110111111101110111101110
0111111110111010111110101111101011111010111110101111101011111010111110101111101011111010101011010100
0011111101010111011101110111011101110111011101110111011101110111011101110111011101110111111100111110
0101111011111010101010101010101010101010101010101010101010101010101010101010101010101011111011011100
0110110101110111111111111111111111111111111111111111111111111111111111111111111111111101110100101010
0001001110101011111111111111111111111111111111111111111111111111111111111111111111111010101111111110
0011110101111101111111111111111111111111111111111111111111111111111111111111111111110111110111111100
0101101110111010111111111111111111111111111111111111111111111111111111111111111111101011101011111010
0110010101010111011111111111111111111111111111111111111111111111111111111111111111011101011101110110
0001111111111010101111111111111111111111111111111111111111111111111111111111111110101011101010101000
0010111111110111110111111111111111111111111111111111111111111111111111111111111101111101011111111100
0111011111101011101011111111111111111111111111111111111111111111111111111111111010111011101111111010
0010101111011101011101111111111111111111111111111111111111111111111111111111110111010101010111110110
0111110110101011101010111111111111111111111111111111111111111111111111111111101010111111111011101000
0011101001111101011111011111111111111111111111111111111111111111111111111111011111011111110101011100
0101011110111011101110101111111111111111111111111111111111111111111111111110101110101111101111101010
0111101101010101010101110111111111111111111111111111111111111111111111111101110101110111010111011110
0011010011111111111110101011111111111111111111111111111111111111111111111010101110101010111010101100
0100111101111111111101111101111111111111111111111111111111111111111111110111110101111111010111110010
0111011010111111111010111010111111111111111111111111111111111111111111101011101110111110111011101110
0010100111011111110111010111011111111111111111111111111111111111111111011101010101011101010101010100
0111111010101111101010111010101111111111111111111111111111111111111110101011111111101011111111111110
0011110111110111011111010111110111111111111111111111111111111111111101111101111111011101111111111100
0101101011101010101110111011101011111111111111111111111111111111111010111010111110101010111111111010
0110011101011111110101010101011101111111111111111111111111111111110111010111011101111111011111110110
0001101011101111101111111111101010111111111111111111111111111111101010111010101010111110101111101000
0010011101010111010111111111011111011111111111111111111111111111011111010111111111011101110111011100
0111101011111010111011111110101110101111111111111111111111111110101110111011111110101010101010101010
0011011101110111010101111101110101110111111111111111111111111101110101010101111101111111111111111110
0100101010101010111110111010101110101011111111111111111111111010101111111110111010111111111111111100
0111111111111111011101010111110101111101111111111111111111110111110111111101010111011111111111111010
0011111111111110101011111011101110111010111111111111111111101011101011111011111010101111111111110110
0101111111111101111101110101010101010111011111111111111111011101011101110101110111110111111111101000
0110111111111010111010101111111111111010101111111111111110101011101010101110101011101011111111011100
0001011111110111010111110111111111110111110111111111111101111101011111110101111101011101111110101010
0011101111101010111011101011111111101011101011111111111010111011101111101110111011101010111101111110
0101010111011111010101011101111111011101011101111111110111010101010111010101010101011111011010111100
0111111010101110111111101010111110101011101010111111101010111111111010111111111111101110100111011010
0011110111110101011111011111011101111101011111011111011111011111110111011111111111010101111010100110
0101101011101111101110101110101010111011101110101110101110101111101010101111111110111110110111111000
0110011101010111010101110101111111010101010101110101110101110111011111110111111101011101001011110100
