0000000000000000000000000000000000000000000000000010000000000000000000000000000000000000000000000000
0111111111111111111111111111111111111111111111111111111111111111111111111111111111111111111111111110
0011111111111111111111111111111111111111111111111111111111111111111111111111111111111111111111111100
0101111111111111111111111111111111111111111111111111111111111111111111111111111111111111111111111010
0110111111111111111111111111111111111111111111111111111111111111111111111111111111111111111111110110
0001011111111111111111111111111111111111111111111111111111111111111111111111111111111111111111101000
0111101111111111111111111111111111111111111111111111111111111111111111111111111111111111111111011110
0011010111111111111111111111111111111111111111111111111111111111111111111111111111111111111110101100
0100111011111111111111111111111111111111111111111111111111111111111111111111111111111111111101110010
0111010101111111111111111111111111111111111111111111111111111111111111111111111111111111111010101110
0010111110111111111111111111111111111111111111111111111111111111111111111111111111111111110111110100
0111011101011111111111111111111111111111111111111111111111111111111111111111111111111111101011101110
0010101011101111111111111111111111111111111111111111111111111111111111111111111111111111011101010100
0111111101010111111111111111111111111111111111111111111111111111111111111111111111111110101011111110
0011111011111011111111111111111111111111111111111111111111111111111111111111111111111101111101111100
0101110101110101111111111111111111111111111111111111111111111111111111111111111111111010111010111010
0110101110101110111111111111111111111111111111111111111111111111111111111111111111110111010111010110
0001110101110101011111111111111111111111111111111111111111111111111111111111111111101010111010111000
0110101110101111101111111111111111111111111111111111111111111111111111111111111111011111010111010110
0001110101110111010111111111111111111111111111111111111111111111111111111111111110101110111010111000
0110101110101010111011111111111111111111111111111111111111111111111111111111111101110101010111010110
0001110101111111010101111111111111111111111111111111111111111111111111111111111010101111111010111000
0110101110111110111110111111111111111111111111111111111111111111111111111111110111110111110111010110
0001110101011101011101011111111111111111111111111111111111111111111111111111101011101011101010111000
0110101111101011101011101111111111111111111111111111111111111111111111111111011101011101011111010110
0001110111011101011101010111111111111111111111111111111111111111111111111110101011101011101110111000
0110101010101011101011111011111111111111111111111111111111111111111111111101111101011101010101010110
0001111111111101011101110101111111111111111111111111111111111111111111111010111011101011111111111000
0110111111111011101010101110111111111111111111111111111111111111111111110111010101011101111111110110
0001011111110101011111110101011111111111111111111111111111111111111111101010111111101010111111101000
0111101111101111101111101111101111111111111111111111111111111111111111011111011111011111011111011110
0011010111010111010111010111010111111111111111111111111111111111111110101110101110101110101110101100
0100111010111010111010111010111011111111111111111111111111111111111101110101110101110101110101110010
0111010111010111010111010111010101111111111111111111111111111111111010101110101110101110101110101110
0010111010111010111010111010111110111111111111111111111111111111110111110101110101110101110101110100
0111010111010111010111010111011101011111111111111111111111111111101011101110101110101110101110101110
0010111010111010111010111010101011101111111111111111111111111111011101010101110101110101110101110100
0111010111010111010111010111111101010111111111111111111111111110101011111110101110101110101110101110
0010111010111010111010111011111011111011111111111111111111111101111101111101110101110101110101110100
0111010111010111010111010101110101110101111111111111111111111010111010111010101110101110101110101110
0010111010111010111010111110101110101110111111111111111111110111010111010111110101110101110101110100
0111010111010111010111011101110101110101011111111111111111101010111010111011101110101110101110101110
0010111010111010111010101010101110101111101111111111111111011111010111010101010101110101110101110100
0111010111010111010111111111110101110111010111111111111110101110111010111111111110101110101110101110
0010111010111010111011111111101110101010111011111111111101110101010111011111111101110101110101110100
0111010111010111010101111111010101111111010101111111111010101111111010101111111010101110101110101110
0010111010111010111110111110111110111110111110111111110111110111110111110111110111110101110101110100
0111010111010111011101011101011101011101011101011111101011101011101011101011101011101110101110101110
0010111010111010101011101011101011101011101011101111011101011101011101011101011101010101110101110100
0111010111010111111101011101011101011101011101010110101011101011101011101011101011111110101110101110
0010111010111011111011101011101011101011101011111001111101011101011101011101011101111101110101110100
0111010111010101110101011101011101011101011101110110111011101011101011101011101010111010101110101110
0010111010111110101111101011101011101011101010101001010101011101011101011101011111010111110101110100
0111010111011101110111011101011101011101011111111111111111101011101011101011101110111011101110101110
0010111010101010101010101011101011101011101111111111111111011101011101011101010101010101010101110100
0111010111111111111111111101011101011101010111111111111110101011101011101011111111111111111110101110
0010111011111111111111111011101011101011111011111111111101111101011101011101111111111111111101110100
0111010101111111111111110101011101011101110101111111111010111011101011101010111111111111111010101110
0010111110111111111111101111101011101010101110111111110111010101011101011111011111111111110111110100
0111011101011111111111010111011101011111110101011111101010111111101011101110101111111111101011101110
0010101011101111111110111010101011101111101111101111011111011111011101010101110111111111011101010100
0111111101010111111101010111111101010111010111010110101110101110101011111110101011111110101011111110
0011111011111011111011111011111011111010111010111001110101110101111101111101111101111101111101111100
0101110101110101110101110101110101110111010111010110101110101110111010111010111010111010111010111010
0110101110101110101110101110101110101010111010111001110101110101010111010111010111010111010111010110
0001110101110101110101110101110101111111010111010110101110101111111010111010111010111010111010111000
0110101110101110101110101110101110111110111010111001110101110111110111010111010111010111010111010110
0001110101110101110101110101110101011101010111010110101110101011101010111010111010111010111010111000
0110101110101110101110101110101111101011111010111001110101111101011111010111010111010111010111010110
0001110101110101110101110101110111011101110111010110101110111011101110111010111010111010111010111000
0110101110101110101110101110101010101010101010111001110101010101010101010111010111010111010111010110
0001110101110101110101110101111111111111111111010110101111111111111111111010111010111010111010111000
0110101110101110101110101110111111111111111110111001110111111111111111110111010111010111010111010110
0001110101110101110101110101011111111111111101010110101011111111111111101010111010111010111010111000
0110101110101110101110101111101111111111111011111001111101111111111111011111010111010111010111010110
0001110101110101110101110111010111111111110101110110111010111111111110101110111010111010111010111000
0110101110101110101110101010111011111111101110101001010111011111111101110101010111010111010111010110
0001110101110101110101111111010101111111010101111111111010101111111010101111111010111010111010111000
0110101110101110101110111110111110111110111110111111110111110111110111110111110111010111010111010110
0001110101110101110101011101011101011101011101011111101011101011101011101011101010111010111010111000
0110101110101110101111101011101011101011101011101111011101011101011101011101011111010111010111010110
0001110101110101110111011101011101011101011101010110101011101011101011101011101110111010111010111000
0110101110101110101010101011101011101011101011111001111101011101011101011101010101010111010111010110
0001110101110101111111111101011101011101011101110110111011101011101011101011111111111010111010111000
0110101110101110111111111011101011101011101010101001010101011101011101011101111111110111010111010110
0001110101110101011111110101011101011101011111111111111111101011101011101010111111101010111010111000
0110101110101111101111101111101011101011101111111111111111011101011101011111011111011111010111010110
0001110101110111010111010111011101011101010111111111111110101011101011101110101110101110111010111000
0110101110101010111010111010101011101011111011111111111101111101011101010101110101110101010111010110
0001110101111111010111010111111101011101110101111111111010111011101011111110101110101111111010111000
0110101110111110111010111011111011101010101110111111110111010101011101111101110101110111110111010110
0001110101011101010111010101110101011111110101011111101010111111101010111010101110101011101010111000
0110101111101011111010111110101111101111101111101111011111011111011111010111110101111101011111010110
0001110111011101110111011101110111010111010111010110101110101110101110111011101110111011101110111000
0110101010101010101010101010101010111010111010111001110101110101110101010101010101010101010101010110
0001111111111111111111111111111111010111010111010110101110101110101111111111111111111111111111111000
0110111111111111111111111111111110111010111010111001110101110101110111111111111111111111111111110110
0001011111111111111111111111111101010111010111010110101110101110101011111111111111111111111111101000
0111101111111111111111111111111011111010111010111001110101110101111101111111111111111111111111011110
0011010111111111111111111111110101110111010111010110101110101110111010111111111111111111111110101100
