0000000000000000000000000000000000000000000000000010000000000000000000000000000000000000000000000000
0111111111111111111111111111111111111111111111111100111111111111111111111111111111111111111111111110
0011111111111111111111111111111111111111111111111101011111111111111111111111111111111111111111111110
0101111111111111111111111111111111111111111111111110101111111111111111111111111111111111111111111110
0010111111111111111111111111111111111111111111111111010111111111111111111111111111111111111111111110
0101011111111111111111111111111111111111111111111111101011111111111111111111111111111111111111111110
0010101111111111111111111111111111111111111111111111110101111111111111111111111111111111111111111110
0101010111111111111111111111111111111111111111111111111010111111111111111111111111111111111111111110
0010101011111111111111111111111111111111111111111111111101011111111111111111111111111111111111111110
0101010101111111111111111111111111111111111111111111111110101111111111111111111111111111111111111110
0010101010111111111111111111111111111111111111111111111111010111111111111111111111111111111111111110
0101010101011111111111111111111111111111111111111111111111101011111111111111111111111111111111111110
0010101010101111111111111111111111111111111111111111111111110101111111111111111111111111111111111110
0101010101010111111111111111111111111111111111111111111111111010111111111111111111111111111111111110
0010101010101011111111111111111111111111111111111111111111111101011111111111111111111111111111111110
0101010101010101111111111111111111111111111111111111111111111110101111111111111111111111111111111110
0010101010101010111111111111111111111111111111111111111111111111010111111111111111111111111111111110
0101010101010101011111111111111111111111111111111111111111111111101011111111111111111111111111111110
0010101010101010101111111111111111111111111111111111111111111111110101111111111111111111111111111110
0101010101010101010111111111111111111111111111111111111111111111111010111111111111111111111111111110
0010101010101010101011111111111111111111111111111111111111111111111101011111111111111111111111111110
0101010101010101010101111111111111111111111111111111111111111111111110101111111111111111111111111110
0010101010101010101010111111111111111111111111111111111111111111111111010111111111111111111111111110
0101010101010101010101011111111111111111111111111111111111111111111111101011111111111111111111111110
0010101010101010101010101111111111111111111111111111111111111111111111110101111111111111111111111110
0101010101010101010101010111111111111111111111111111111111111111111111111010111111111111111111111110
0010101010101010101010101011111111111111111111111111111111111111111111111101011111111111111111111110
0101010101010101010101010101111111111111111111111111111111111111111111111110101111111111111111111110
0010101010101010101010101010111111111111111111111111111111111111111111111111010111111111111111111110
0101010101010101010101010101011111111111111111111111111111111111111111111111101011111111111111111110
0010101010101010101010101010101111111111111111111111111111111111111111111111110101111111111111111110
0101010101010101010101010101010111111111111111111111111111111111111111111111111010111111111111111110
0010101010101010101010101010101011111111111111111111111111111111111111111111111101011111111111111110
0101010101010101010101010101010101111111111111111111111111111111111111111111111110101111111111111110
0010101010101010101010101010101010111111111111111111111111111111111111111111111111010111111111111110
0101010101010101010101010101010101011111111111111111111111111111111111111111111111101011111111111110
0010101010101010101010101010101010101111111111111111111111111111111111111111111111110101111111111110
0101010101010101010101010101010101010111111111111111111111111111111111111111111111111010111111111110
0010101010101010101010101010101010101011111111111111111111111111111111111111111111111101011111111110
0101010101010101010101010101010101010101111111111111111111111111111111111111111111111110101111111110
0010101010101010101010101010101010101010111111111111111111111111111111111111111111111111010111111110
0101010101010101010101010101010101010101011111111111111111111111111111111111111111111111101011111110
0010101010101010101010101010101010101010101111111111111111111111111111111111111111111111110101111110
0101010101010101010101010101010101010101010111111111111111111111111111111111111111111111111010111110
0010101010101010101010101010101010101010101011111111111111111111111111111111111111111111111101011110
0101010101010101010101010101010101010101010101111111111111111111111111111111111111111111111110101110
0010101010101010101010101010101010101010101010111111111111111111111111111111111111111111111111010110
0101010101010101010101010101010101010101010101011111111111111111111111111111111111111111111111101010
0010101010101010101010101010101010101010101010101111111111111111111111111111111111111111111111110100
0101010101010101010101010101010101010101010101010111111111111111111111111111111111111111111111111000
0010101010101010101010101010101010101010101010101011111111111111111111111111111111111111111111111010
0101010101010101010101010101010101010101010101010101111111111111111111111111111111111111111111111100
0010101010101010101010101010101010101010101010101010111111111111111111111111111111111111111111111100
0101010101010101010101010101010101010101010101010101011111111111111111111111111111111111111111111100
0010101010101010101010101010101010101010101010101010101111111111111111111111111111111111111111111100
0101010101010101010101010101010101010101010101010101010111111111111111111111111111111111111111111100
0010101010101010101010101010101010101010101010101010101011111111111111111111111111111111111111111100
0101010101010101010101010101010101010101010101010101010101111111111111111111111111111111111111111100
0010101010101010101010101010101010101010101010101010101010111111111111111111111111111111111111111100
0101010101010101010101010101010101010101010101010101010101011111111111111111111111111111111111111100
0010101010101010101010101010101010101010101010101010101010101111111111111111111111111111111111111100
0101010101010101010101010101010101010101010101010101010101010111111111111111111111111111111111111100
0010101010101010101010101010101010101010101010101010101010101011111111111111111111111111111111111100
0101010101010101010101010101010101010101010101010101010101010101111111111111111111111111111111111100
0010101010101010101010101010101010101010101010101010101010101010111111111111111111111111111111111100
0101010101010101010101010101010101010101010101010101010101010101011111111111111111111111111111111100
0010101010101010101010101010101010101010101010101010101010101010101111111111111111111111111111111100
0101010101010101010101010101010101010101010101010101010101010101010111111111111111111111111111111100
0010101010101010101010101010101010101010101010101010101010101010101011111111111111111111111111111100
0101010101010101010101010101010101010101010101010101010101010101010101111111111111111111111111111100
0010101010101010101010101010101010101010101010101010101010101010101010111111111111111111111111111100
0101010101010101010101010101010101010101010101010101010101010101010101011111111111111111111111111100
0010101010101010101010101010101010101010101010101010101010101010101010101111111111111111111111111100
0101010101010101010101010101010101010101010101010101010101010101010101010111111111111111111111111100
0010101010101010101010101010101010101010101010101010101010101010101010101011111111111111111111111100
0101010101010101010101010101010101010101010101010101010101010101010101010101111111111111111111111100
0010101010101010101010101010101010101010101010101010101010101010101010101010111111111111111111111100
0101010101010101010101010101010101010101010101010101010101010101010101010101011111111111111111111100
0010101010101010101010101010101010101010101010101010101010101010101010101010101111111111111111111100
0101010101010101010101010101010101010101010101010101010101010101010101010101010111111111111111111100
0010101010101010101010101010101010101010101010101010101010101010101010101010101011111111111111111100
0101010101010101010101010101010101010101010101010101010101010101010101010101010101111111111111111100
0010101010101010101010101010101010101010101010101010101010101010101010101010101010111111111111111100
0101010101010101010101010101010101010101010101010101010101010101010101010101010101011111111111111100
0010101010101010101010101010101010101010101010101010101010101010101010101010101010101111111111111100
0101010101010101010101010101010101010101010101010101010101010101010101010101010101010111111111111100
0010101010101010101010101010101010101010101010101010101010101010101010101010101010101011111111111100
0101010101010101010101010101010101010101010101010101010101010101010101010101010101010101111111111100
0010101010101010101010101010101010101010101010101010101010101010101010101010101010101010111111111100
0101010101010101010101010101010101010101010101010101010101010101010101010101010101010101011111111100
0010101010101010101010101010101010101010101010101010101010101010101010101010101010101010101111111100
0101010101010101010101010101010101010101010101010101010101010101010101010101010101010101010111111100
0010101010101010101010101010101010101010101010101010101010101010101010101010101010101010101011111100
0101010101010101010101010101010101010101010101010101010101010101010101010101010101010101010101111100
0010101010101010101010101010101010101010101010101010101010101010101010101010101010101010101010111100
0101010101010101010101010101010101010101010101010101010101010101010101010101010101010101010101011100
0010101010101010101010101010101010101010101010101010101010101010101010101010101010101010101010101100
0101010101010101010101010101010101010101010101010101010101010101010101010101010101010101010101010100
0010101010101010101010101010101010101010101010101010101010101010101010101010101010101010101010101000
0101010101010101010101010101010101010101010101010101010101010101010101010101010101010101010101010010
