0000000000000000000000000000000000000000000000000010000000000000000000000000000000000000000000000000
0111111111111111111111111111111111111111111111111101111111111111111111111111111111111111111111111110
0011111111111111111111111111111111111111111111111110111111111111111111111111111111111111111111111110
0101111111111111111111111111111111111111111111111111011111111111111111111111111111111111111111111110
0010111111111111111111111111111111111111111111111111101111111111111111111111111111111111111111111110
0101011111111111111111111111111111111111111111111111110111111111111111111111111111111111111111111110
0010101111111111111111111111111111111111111111111111111011111111111111111111111111111111111111111110
0101010111111111111111111111111111111111111111111111111101111111111111111111111111111111111111111110
0010101011111111111111111111111111111111111111111111111110111111111111111111111111111111111111111110
0101010101111111111111111111111111111111111111111111111111011111111111111111111111111111111111111110
0010101010111111111111111111111111111111111111111111111111101111111111111111111111111111111111111110
0101010101011111111111111111111111111111111111111111111111110111111111111111111111111111111111111110
0010101010101111111111111111111111111111111111111111111111111011111111111111111111111111111111111110
0101010101010111111111111111111111111111111111111111111111111101111111111111111111111111111111111110
0010101010101011111111111111111111111111111111111111111111111110111111111111111111111111111111111110
0101010101010101111111111111111111111111111111111111111111111111011111111111111111111111111111111110
0010101010101010111111111111111111111111111111111111111111111111101111111111111111111111111111111110
0101010101010101011111111111111111111111111111111111111111111111110111111111111111111111111111111110
0010101010101010101111111111111111111111111111111111111111111111111011111111111111111111111111111110
0101010101010101010111111111111111111111111111111111111111111111111101111111111111111111111111111110
0010101010101010101011111111111111111111111111111111111111111111111110111111111111111111111111111110
0101010101010101010101111111111111111111111111111111111111111111111111011111111111111111111111111110
0010101010101010101010111111111111111111111111111111111111111111111111101111111111111111111111111110
0101010101010101010101011111111111111111111111111111111111111111111111110111111111111111111111111110
0010101010101010101010101111111111111111111111111111111111111111111111111011111111111111111111111110
0101010101010101010101010111111111111111111111111111111111111111111111111101111111111111111111111110
0010101010101010101010101011111111111111111111111111111111111111111111111110111111111111111111111110
0101010101010101010101010101111111111111111111111111111111111111111111111111011111111111111111111110
0010101010101010101010101010111111111111111111111111111111111111111111111111101111111111111111111110
0101010101010101010101010101011111111111111111111111111111111111111111111111110111111111111111111110
0010101010101010101010101010101111111111111111111111111111111111111111111111111011111111111111111110
0101010101010101010101010101010111111111111111111111111111111111111111111111111101111111111111111110
0010101010101010101010101010101011111111111111111111111111111111111111111111111110111111111111111110
0101010101010101010101010101010101111111111111111111111111111111111111111111111111011111111111111110
0010101010101010101010101010101010111111111111111111111111111111111111111111111111101111111111111110
0101010101010101010101010101010101011111111111111111111111111111111111111111111111110111111111111110
0010101010101010101010101010101010101111111111111111111111111111111111111111111111111011111111111110
0101010101010101010101010101010101010111111111111111111111111111111111111111111111111101111111111110
0010101010101010101010101010101010101011111111111111111111111111111111111111111111111110111111111110
0101010101010101010101010101010101010101111111111111111111111111111111111111111111111111011111111110
0010101010101010101010101010101010101010111111111111111111111111111111111111111111111111101111111110
0101010101010101010101010101010101010101011111111111111111111111111111111111111111111111110111111110
0010101010101010101010101010101010101010101111111111111111111111111111111111111111111111111011111110
0101010101010101010101010101010101010101010111111111111111111111111111111111111111111111111101111110
0010101010101010101010101010101010101010101011111111111111111111111111111111111111111111111110111110
0101010101010101010101010101010101010101010101111111111111111111111111111111111111111111111111011110
0010101010101010101010101010101010101010101010111111111111111111111111111111111111111111111111101110
0101010101010101010101010101010101010101010101011111111111111111111111111111111111111111111111110110
0010101010101010101010101010101010101010101010101111111111111111111111111111111111111111111111111010
0101010101010101010101010101010101010101010101010111111111111111111111111111111111111111111111111100
0010101010101010101010101010101010101010101010101011111111111111111111111111111111111111111111111110
0101010101010101010101010101010101010101010101010101111111111111111111111111111111111111111111111110
0010101010101010101010101010101010101010101010101010111111111111111111111111111111111111111111111110
0101010101010101010101010101010101010101010101010101011111111111111111111111111111111111111111111110
0010101010101010101010101010101010101010101010101010101111111111111111111111111111111111111111111110
0101010101010101010101010101010101010101010101010101010111111111111111111111111111111111111111111110
0010101010101010101010101010101010101010101010101010101011111111111111111111111111111111111111111110
0101010101010101010101010101010101010101010101010101010101111111111111111111111111111111111111111110
0010101010101010101010101010101010101010101010101010101010111111111111111111111111111111111111111110
0101010101010101010101010101010101010101010101010101010101011111111111111111111111111111111111111110
0010101010101010101010101010101010101010101010101010101010101111111111111111111111111111111111111110
0101010101010101010101010101010101010101010101010101010101010111111111111111111111111111111111111110
0010101010101010101010101010101010101010101010101010101010101011111111111111111111111111111111111110
0101010101010101010101010101010101010101010101010101010101010101111111111111111111111111111111111110
0010101010101010101010101010101010101010101010101010101010101010111111111111111111111111111111111110
0101010101010101010101010101010101010101010101010101010101010101011111111111111111111111111111111110
0010101010101010101010101010101010101010101010101010101010101010101111111111111111111111111111111110
0101010101010101010101010101010101010101010101010101010101010101010111111111111111111111111111111110
0010101010101010101010101010101010101010101010101010101010101010101011111111111111111111111111111110
0101010101010101010101010101010101010101010101010101010101010101010101111111111111111111111111111110
0010101010101010101010101010101010101010101010101010101010101010101010111111111111111111111111111110
0101010101010101010101010101010101010101010101010101010101010101010101011111111111111111111111111110
0010101010101010101010101010101010101010101010101010101010101010101010101111111111111111111111111110
0101010101010101010101010101010101010101010101010101010101010101010101010111111111111111111111111110
0010101010101010101010101010101010101010101010101010101010101010101010101011111111111111111111111110
0101010101010101010101010101010101010101010101010101010101010101010101010101111111111111111111111110
0010101010101010101010101010101010101010101010101010101010101010101010101010111111111111111111111110
0101010101010101010101010101010101010101010101010101010101010101010101010101011111111111111111111110
0010101010101010101010101010101010101010101010101010101010101010101010101010101111111111111111111110
0101010101010101010101010101010101010101010101010101010101010101010101010101010111111111111111111110
0010101010101010101010101010101010101010101010101010101010101010101010101010101011111111111111111110
0101010101010101010101010101010101010101010101010101010101010101010101010101010101111111111111111110
0010101010101010101010101010101010101010101010101010101010101010101010101010101010111111111111111110
0101010101010101010101010101010101010101010101010101010101010101010101010101010101011111111111111110
0010101010101010101010101010101010101010101010101010101010101010101010101010101010101111111111111110
0101010101010101010101010101010101010101010101010101010101010101010101010101010101010111111111111110
0010101010101010101010101010101010101010101010101010101010101010101010101010101010101011111111111110
0101010101010101010101010101010101010101010101010101010101010101010101010101010101010101111111111110
0010101010101010101010101010101010101010101010101010101010101010101010101010101010101010111111111110
0101010101010101010101010101010101010101010101010101010101010101010101010101010101010101011111111110
0010101010101010101010101010101010101010101010101010101010101010101010101010101010101010101111111110
0101010101010101010101010101010101010101010101010101010101010101010101010101010101010101010111111110
0010101010101010101010101010101010101010101010101010101010101010101010101010101010101010101011111110
0101010101010101010101010101010101010101010101010101010101010101010101010101010101010101010101111110
0010101010101010101010101010101010101010101010101010101010101010101010101010101010101010101010111110
0101010101010101010101010101010101010101010101010101010101010101010101010101010101010101010101011110
0010101010101010101010101010101010101010101010101010101010101010101010101010101010101010101010101110
0101010101010101010101010101010101010101010101010101010101010101010101010101010101010101010101010110
0010101010101010101010101010101010101010101010101010101010101010101010101010101010101010101010101010
0101010101010101010101010101010101010101010101010101010101010101010101010101010101010101010101010100
