0000000000000000000000000000000000000000000000000010000000000000000000000000000000000000000000000000
0000000000000000000000000000000000000000000000000110000000000000000000000000000000000000000000000000
0000000000000000000000000000000000000000000000001010000000000000000000000000000000000000000000000000
0000000000000000000000000000000000000000000000011110000000000000000000000000000000000000000000000000
0000000000000000000000000000000000000000000000101110000000000000000000000000000000000000000000000000
0000000000000000000000000000000000000000000001110110000000000000000000000000000000000000000000000000
0000000000000000000000000000000000000000000010111010000000000000000000000000000000000000000000000000
0000000000000000000000000000000000000000000111011110000000000000000000000000000000000000000000000000
0000000000000000000000000000000000000000001011101110000000000000000000000000000000000000000000000000
0000000000000000000000000000000000000000011101110110000000000000000000000000000000000000000000000000
0000000000000000000000000000000000000000101110111010000000000000000000000000000000000000000000000000
0000000000000000000000000000000000000001110111011110000000000000000000000000000000000000000000000000
0000000000000000000000000000000000000010111011101110000000000000000000000000000000000000000000000000
0000000000000000000000000000000000000111011101110110000000000000000000000000000000000000000000000000
0000000000000000000000000000000000001011101110111010000000000000000000000000000000000000000000000000
0000000000000000000000000000000000011101110111011110000000000000000000000000000000000000000000000000
0000000000000000000000000000000000101110111011101110000000000000000000000000000000000000000000000000
0000000000000000000000000000000001110111011101110110000000000000000000000000000000000000000000000000
0000000000000000000000000000000010111011101110111010000000000000000000000000000000000000000000000000
0000000000000000000000000000000111011101110111011110000000000000000000000000000000000000000000000000
0000000000000000000000000000001011101110111011101110000000000000000000000000000000000000000000000000
0000000000000000000000000000011101110111011101110110000000000000000000000000000000000000000000000000
0000000000000000000000000000101110111011101110111010000000000000000000000000000000000000000000000000
0000000000000000000000000001110111011101110111011110000000000000000000000000000000000000000000000000
0000000000000000000000000010111011101110111011101110000000000000000000000000000000000000000000000000
0000000000000000000000000111011101110111011101110110000000000000000000000000000000000000000000000000
0000000000000000000000001011101110111011101110111010000000000000000000000000000000000000000000000000
0000000000000000000000011101110111011101110111011110000000000000000000000000000000000000000000000000
0000000000000000000000101110111011101110111011101110000000000000000000000000000000000000000000000000
0000000000000000000001110111011101110111011101110110000000000000000000000000000000000000000000000000
0000000000000000000010111011101110111011101110111010000000000000000000000000000000000000000000000000
0000000000000000000111011101110111011101110111011110000000000000000000000000000000000000000000000000
0000000000000000001011101110111011101110111011101110000000000000000000000000000000000000000000000000
0000000000000000011101110111011101110111011101110110000000000000000000000000000000000000000000000000
0000000000000000101110111011101110111011101110111010000000000000000000000000000000000000000000000000
0000000000000001110111011101110111011101110111011110000000000000000000000000000000000000000000000000
0000000000000010111011101110111011101110111011101110000000000000000000000000000000000000000000000000
0000000000000111011101110111011101110111011101110110000000000000000000000000000000000000000000000000
0000000000001011101110111011101110111011101110111010000000000000000000000000000000000000000000000000
0000000000011101110111011101110111011101110111011110000000000000000000000000000000000000000000000000
0000000000101110111011101110111011101110111011101110000000000000000000000000000000000000000000000000
0000000001110111011101110111011101110111011101110110000000000000000000000000000000000000000000000000
0000000010111011101110111011101110111011101110111010000000000000000000000000000000000000000000000000
0000000111011101110111011101110111011101110111011110000000000000000000000000000000000000000000000000
0000001011101110111011101110111011101110111011101110000000000000000000000000000000000000000000000000
0000011101110111011101110111011101110111011101110110000000000000000000000000000000000000000000000000
0000101110111011101110111011101110111011101110111010000000000000000000000000000000000000000000000000
0001110111011101110111011101110111011101110111011110000000000000000000000000000000000000000000000000
0010111011101110111011101110111011101110111011101110000000000000000000000000000000000000000000000000
0111011101110111011101110111011101110111011101110110000000000000000000000000000000000000000000000000
0011101110111011101110111011101110111011101110111010000000000000000000000000000000000000000000000000
0101110111011101110111011101110111011101110111011110000000000000000000000000000000000000000000000000
0110111011101110111011101110111011101110111011101110000000000000000000000000000000000000000000000000
0011011101110111011101110111011101110111011101110110000000000000000000000000000000000000000000000000
0101101110111011101110111011101110111011101110111010000000000000000000000000000000000000000000000000
0110110111011101110111011101110111011101110111011110000000000000000000000000000000000000000000000000
0011011011101110111011101110111011101110111011101110000000000000000000000000000000000000000000000000
0101101101110111011101110111011101110111011101110110000000000000000000000000000000000000000000000000
0110110110111011101110111011101110111011101110111010000000000000000000000000000000000000000000000000
0011011011011101110111011101110111011101110111011110000000000000000000000000000000000000000000000000
0101101101101110111011101110111011101110111011101110000000000000000000000000000000000000000000000000
0110110110110111011101110111011101110111011101110110000000000000000000000000000000000000000000000000
0011011011011011101110111011101110111011101110111010000000000000000000000000000000000000000000000000
0101101101101101110111011101110111011101110111011110000000000000000000000000000000000000000000000000
0110110110110110111011101110111011101110111011101110000000000000000000000000000000000000000000000000
0011011011011011011101110111011101110111011101110110000000000000000000000000000000000000000000000000
0101101101101101101110111011101110111011101110111010000000000000000000000000000000000000000000000000
0110110110110110110111011101110111011101110111011110000000000000000000000000000000000000000000000000
0011011011011011011011101110111011101110111011101110000000000000000000000000000000000000000000000000
0101101101101101101101110111011101110111011101110110000000000000000000000000000000000000000000000000
0110110110110110110110111011101110111011101110111010000000000000000000000000000000000000000000000000
0011011011011011011011011101110111011101110111011110000000000000000000000000000000000000000000000000
0101101101101101101101101110111011101110111011101110000000000000000000000000000000000000000000000000
0110110110110110110110110111011101110111011101110110000000000000000000000000000000000000000000000000
0011011011011011011011011011101110111011101110111010000000000000000000000000000000000000000000000000
0101101101101101101101101101110111011101110111011110000000000000000000000000000000000000000000000000
0110110110110110110110110110111011101110111011101110000000000000000000000000000000000000000000000000
0011011011011011011011011011011101110111011101110110000000000000000000000000000000000000000000000000
0101101101101101101101101101101110111011101110111010000000000000000000000000000000000000000000000000
0110110110110110110110110110110111011101110111011110000000000000000000000000000000000000000000000000
0011011011011011011011011011011011101110111011101110000000000000000000000000000000000000000000000000
0101101101101101101101101101101101110111011101110110000000000000000000000000000000000000000000000000
0110110110110110110110110110110110111011101110111010000000000000000000000000000000000000000000000000
0011011011011011011011011011011011011101110111011110000000000000000000000000000000000000000000000000
0101101101101101101101101101101101101110111011101110000000000000000000000000000000000000000000000000
0110110110110110110110110110110110110111011101110110000000000000000000000000000000000000000000000000
0011011011011011011011011011011011011011101110111010000000000000000000000000000000000000000000000000
0101101101101101101101101101101101101101110111011110000000000000000000000000000000000000000000000000
0110110110110110110110110110110110110110111011101110000000000000000000000000000000000000000000000000
0011011011011011011011011011011011011011011101110110000000000000000000000000000000000000000000000000
0101101101101101101101101101101101101101101110111010000000000000000000000000000000000000000000000000
0110110110110110110110110110110110110110110111011110000000000000000000000000000000000000000000000000
0011011011011011011011011011011011011011011011101110000000000000000000000000000000000000000000000000
0101101101101101101101101101101101101101101101110110000000000000000000000000000000000000000000000000
0110110110110110110110110110110110110110110110111010000000000000000000000000000000000000000000000000
0011011011011011011011011011011011011011011011011110000000000000000000000000000000000000000000000000
0101101101101101101101101101101101101101101101101110000000000000000000000000000000000000000000000000
0110110110110110110110110110110110110110110110110110000000000000000000000000000000000000000000000000
0011011011011011011011011011011011011011011011011010000000000000000000000000000000000000000000000000
0101101101101101101101101101101101101101101101101110000000000000000000000000000000000000000000000000
