0000000000000000000000000000000000000000000000000010000000000000000000000000000000000000000000000000
0000000000000000000000000000000000000000000000000111000000000000000000000000000000000000000000000000
0000000000000000000000000000000000000000000000001011100000000000000000000000000000000000000000000000
0000000000000000000000000000000000000000000000011101110000000000000000000000000000000000000000000000
0000000000000000000000000000000000000000000000101110111000000000000000000000000000000000000000000000
0000000000000000000000000000000000000000000001110111011100000000000000000000000000000000000000000000
0000000000000000000000000000000000000000000010111011101110000000000000000000000000000000000000000000
0000000000000000000000000000000000000000000111011101110111000000000000000000000000000000000000000000
0000000000000000000000000000000000000000001011101110111011100000000000000000000000000000000000000000
0000000000000000000000000000000000000000011101110111011101110000000000000000000000000000000000000000
0000000000000000000000000000000000000000101110111011101110111000000000000000000000000000000000000000
0000000000000000000000000000000000000001110111011101110111011100000000000000000000000000000000000000
0000000000000000000000000000000000000010111011101110111011101110000000000000000000000000000000000000
0000000000000000000000000000000000000111011101110111011101110111000000000000000000000000000000000000
0000000000000000000000000000000000001011101110111011101110111011100000000000000000000000000000000000
0000000000000000000000000000000000011101110111011101110111011101110000000000000000000000000000000000
0000000000000000000000000000000000101110111011101110111011101110111000000000000000000000000000000000
0000000000000000000000000000000001110111011101110111011101110111011100000000000000000000000000000000
0000000000000000000000000000000010111011101110111011101110111011101110000000000000000000000000000000
0000000000000000000000000000000111011101110111011101110111011101110111000000000000000000000000000000
0000000000000000000000000000001011101110111011101110111011101110111011100000000000000000000000000000
0000000000000000000000000000011101110111011101110111011101110111011101110000000000000000000000000000
0000000000000000000000000000101110111011101110111011101110111011101110111000000000000000000000000000
0000000000000000000000000001110111011101110111011101110111011101110111011100000000000000000000000000
0000000000000000000000000010111011101110111011101110111011101110111011101110000000000000000000000000
0000000000000000000000000111011101110111011101110111011101110111011101110111000000000000000000000000
0000000000000000000000001011101110111011101110111011101110111011101110111011100000000000000000000000
0000000000000000000000011101110111011101110111011101110111011101110111011101110000000000000000000000
0000000000000000000000101110111011101110111011101110111011101110111011101110111000000000000000000000
0000000000000000000001110111011101110111011101110111011101110111011101110111011100000000000000000000
0000000000000000000010111011101110111011101110111011101110111011101110111011101110000000000000000000
0000000000000000000111011101110111011101110111011101110111011101110111011101110111000000000000000000
0000000000000000001011101110111011101110111011101110111011101110111011101110111011100000000000000000
0000000000000000011101110111011101110111011101110111011101110111011101110111011101110000000000000000
0000000000000000101110111011101110111011101110111011101110111011101110111011101110111000000000000000
0000000000000001110111011101110111011101110111011101110111011101110111011101110111011100000000000000
0000000000000010111011101110111011101110111011101110111011101110111011101110111011101110000000000000
0000000000000111011101110111011101110111011101110111011101110111011101110111011101110111000000000000
0000000000001011101110111011101110111011101110111011101110111011101110111011101110111011100000000000
0000000000011101110111011101110111011101110111011101110111011101110111011101110111011101110000000000
0000000000101110111011101110111011101110111011101110111011101110111011101110111011101110111000000000
0000000001110111011101110111011101110111011101110111011101110111011101110111011101110111011100000000
0000000010111011101110111011101110111011101110111011101110111011101110111011101110111011101110000000
0000000111011101110111011101110111011101110111011101110111011101110111011101110111011101110111000000
0000001011101110111011101110111011101110111011101110111011101110111011101110111011101110111011100000
0000011101110111011101110111011101110111011101110111011101110111011101110111011101110111011101110000
0000101110111011101110111011101110111011101110111011101110111011101110111011101110111011101110111000
0001110111011101110111011101110111011101110111011101110111011101110111011101110111011101110111011100
0010111011101110111011101110111011101110111011101110111011101110111011101110111011101110111011101110
0111011101110111011101110111011101110111011101110111011101110111011101110111011101110111011101110110
0011101110111011101110111011101110111011101110111011101110111011101110111011101110111011101110111010
0101110111011101110111011101110111011101110111011101110111011101110111011101110111011101110111011110
0110111011101110111011101110111011101110111011101110111011101110111011101110111011101110111011101110
0011011101110111011101110111011101110111011101110111011101110111011101110111011101110111011101110110
0101101110111011101110111011101110111011101110111011101110111011101110111011101110111011101110111010
0110110111011101110111011101110111011101110111011101110111011101110111011101110111011101110111011110
0011011011101110111011101110111011101110111011101110111011101110111011101110111011101110111011101110
0101101101110111011101110111011101110111011101110111011101110111011101110111011101110111011101110110
0110110110111011101110111011101110111011101110111011101110111011101110111011101110111011101110111010
0011011011011101110111011101110111011101110111011101110111011101110111011101110111011101110111011110
0101101101101110111011101110111011101110111011101110111011101110111011101110111011101110111011101110
0110110110110111011101110111011101110111011101110111011101110111011101110111011101110111011101110110
0011011011011011101110111011101110111011101110111011101110111011101110111011101110111011101110111010
0101101101101101110111011101110111011101110111011101110111011101110111011101110111011101110111011110
0110110110110110111011101110111011101110111011101110111011101110111011101110111011101110111011101110
0011011011011011011101110111011101110111011101110111011101110111011101110111011101110111011101110110
0101101101101101101110111011101110111011101110111011101110111011101110111011101110111011101110111010
0110110110110110110111011101110111011101110111011101110111011101110111011101110111011101110111011110
0011011011011011011011101110111011101110111011101110111011101110111011101110111011101110111011101110
0101101101101101101101110111011101110111011101110111011101110111011101110111011101110111011101110110
0110110110110110110110111011101110111011101110111011101110111011101110111011101110111011101110111010
0011011011011011011011011101110111011101110111011101110111011101110111011101110111011101110111011110
0101101101101101101101101110111011101110111011101110111011101110111011101110111011101110111011101110
0110110110110110110110110111011101110111011101110111011101110111011101110111011101110111011101110110
0011011011011011011011011011101110111011101110111011101110111011101110111011101110111011101110111010
0101101101101101101101101101110111011101110111011101110111011101110111011101110111011101110111011110
0110110110110110110110110110111011101110111011101110111011101110111011101110111011101110111011101110
0011011011011011011011011011011101110111011101110111011101110111011101110111011101110111011101110110
0101101101101101101101101101101110111011101110111011101110111011101110111011101110111011101110111010
0110110110110110110110110110110111011101110111011101110111011101110111011101110111011101110111011110
0011011011011011011011011011011011101110111011101110111011101110111011101110111011101110111011101110
0101101101101101101101101101101101110111011101110111011101110111011101110111011101110111011101110110
0110110110110110110110110110110110111011101110111011101110111011101110111011101110111011101110111010
0011011011011011011011011011011011011101110111011101110111011101110111011101110111011101110111011110
0101101101101101101101101101101101101110111011101110111011101110111011101110111011101110111011101110
0110110110110110110110110110110110110111011101110111011101110111011101110111011101110111011101110110
0011011011011011011011011011011011011011101110111011101110111011101110111011101110111011101110111010
0101101101101101101101101101101101101101110111011101110111011101110111011101110111011101110111011110
0110110110110110110110110110110110110110111011101110111011101110111011101110111011101110111011101110
0011011011011011011011011011011011011011011101110111011101110111011101110111011101110111011101110110
0101101101101101101101101101101101101101101110111011101110111011101110111011101110111011101110111010
0110110110110110110110110110110110110110110111011101110111011101110111011101110111011101110111011110
0011011011011011011011011011011011011011011011101110111011101110111011101110111011101110111011101110
0101101101101101101101101101101101101101101101110111011101110111011101110111011101110111011101110110
0110110110110110110110110110110110110110110110111011101110111011101110111011101110111011101110111010
0011011011011011011011011011011011011011011011011101110111011101110111011101110111011101110111011110
0101101101101101101101101101101101101101101101101110111011101110111011101110111011101110111011101110
0110110110110110110110110110110110110110110110110111011101110111011101110111011101110111011101110110
0011011011011011011011011011011011011011011011011011101110111011101110111011101110111011101110111010
0101101101101101101101101101101101101101101101101101110111011101110111011101110111011101110111011110
