0000000000000000000000000000000000000000000000000010000000000000000000000000000000000000000000000000
0111111111111111111111111111111111111111111111111111111111111111111111111111111111111111111111111110
0011111111111111111111111111111111111111111111111111111111111111111111111111111111111111111111111110
0101111111111111111111111111111111111111111111111111111111111111111111111111111111111111111111111110
0110111111111111111111111111111111111111111111111111111111111111111111111111111111111111111111111110
0011011111111111111111111111111111111111111111111111111111111111111111111111111111111111111111111110
0101101111111111111111111111111111111111111111111111111111111111111111111111111111111111111111111110
0110110111111111111111111111111111111111111111111111111111111111111111111111111111111111111111111110
0011011011111111111111111111111111111111111111111111111111111111111111111111111111111111111111111110
0101101101111111111111111111111111111111111111111111111111111111111111111111111111111111111111111110
0110110110111111111111111111111111111111111111111111111111111111111111111111111111111111111111111110
0011011011011111111111111111111111111111111111111111111111111111111111111111111111111111111111111110
0101101101101111111111111111111111111111111111111111111111111111111111111111111111111111111111111110
0110110110110111111111111111111111111111111111111111111111111111111111111111111111111111111111111110
0011011011011011111111111111111111111111111111111111111111111111111111111111111111111111111111111110
0101101101101101111111111111111111111111111111111111111111111111111111111111111111111111111111111110
0110110110110110111111111111111111111111111111111111111111111111111111111111111111111111111111111110
0011011011011011011111111111111111111111111111111111111111111111111111111111111111111111111111111110
0101101101101101101111111111111111111111111111111111111111111111111111111111111111111111111111111110
0110110110110110110111111111111111111111111111111111111111111111111111111111111111111111111111111110
0011011011011011011011111111111111111111111111111111111111111111111111111111111111111111111111111110
0101101101101101101101111111111111111111111111111111111111111111111111111111111111111111111111111110
0110110110110110110110111111111111111111111111111111111111111111111111111111111111111111111111111110
0011011011011011011011011111111111111111111111111111111111111111111111111111111111111111111111111110
0101101101101101101101101111111111111111111111111111111111111111111111111111111111111111111111111110
0110110110110110110110110111111111111111111111111111111111111111111111111111111111111111111111111110
0011011011011011011011011011111111111111111111111111111111111111111111111111111111111111111111111110
0101101101101101101101101101111111111111111111111111111111111111111111111111111111111111111111111110
0110110110110110110110110110111111111111111111111111111111111111111111111111111111111111111111111110
0011011011011011011011011011011111111111111111111111111111111111111111111111111111111111111111111110
0101101101101101101101101101101111111111111111111111111111111111111111111111111111111111111111111110
0110110110110110110110110110110111111111111111111111111111111111111111111111111111111111111111111110
0011011011011011011011011011011011111111111111111111111111111111111111111111111111111111111111111110
0101101101101101101101101101101101111111111111111111111111111111111111111111111111111111111111111110
0110110110110110110110110110110110111111111111111111111111111111111111111111111111111111111111111110
0011011011011011011011011011011011011111111111111111111111111111111111111111111111111111111111111110
0101101101101101101101101101101101101111111111111111111111111111111111111111111111111111111111111110
0110110110110110110110110110110110110111111111111111111111111111111111111111111111111111111111111110
0011011011011011011011011011011011011011111111111111111111111111111111111111111111111111111111111110
0101101101101101101101101101101101101101111111111111111111111111111111111111111111111111111111111110
0110110110110110110110110110110110110110111111111111111111111111111111111111111111111111111111111110
0011011011011011011011011011011011011011011111111111111111111111111111111111111111111111111111111110
0101101101101101101101101101101101101101101111111111111111111111111111111111111111111111111111111110
0110110110110110110110110110110110110110110111111111111111111111111111111111111111111111111111111110
0011011011011011011011011011011011011011011011111111111111111111111111111111111111111111111111111110
0101101101101101101101101101101101101101101101111111111111111111111111111111111111111111111111111110
0110110110110110110110110110110110110110110110111111111111111111111111111111111111111111111111111110
0011011011011011011011011011011011011011011011011111111111111111111111111111111111111111111111111110
0101101101101101101101101101101101101101101101101111111111111111111111111111111111111111111111111110
0110110110110110110110110110110110110110110110110111111111111111111111111111111111111111111111111110
0011011011011011011011011011011011011011011011011011111111111111111111111111111111111111111111111110
0101101101101101101101101101101101101101101101101101111111111111111111111111111111111111111111111110
0110110110110110110110110110110110110110110110110110111111111111111111111111111111111111111111111110
0011011011011011011011011011011011011011011011011011011111111111111111111111111111111111111111111110
0101101101101101101101101101101101101101101101101101101111111111111111111111111111111111111111111110
0110110110110110110110110110110110110110110110110110110111111111111111111111111111111111111111111110
0011011011011011011011011011011011011011011011011011011011111111111111111111111111111111111111111110
0101101101101101101101101101101101101101101101101101101101111111111111111111111111111111111111111110
0110110110110110110110110110110110110110110110110110110110111111111111111111111111111111111111111110
0011011011011011011011011011011011011011011011011011011011011111111111111111111111111111111111111110
0101101101101101101101101101101101101101101101101101101101101111111111111111111111111111111111111110
0110110110110110110110110110110110110110110110110110110110110111111111111111111111111111111111111110
0011011011011011011011011011011011011011011011011011011011011011111111111111111111111111111111111110
0101101101101101101101101101101101101101101101101101101101101101111111111111111111111111111111111110
0110110110110110110110110110110110110110110110110110110110110110111111111111111111111111111111111110
0011011011011011011011011011011011011011011011011011011011011011011111111111111111111111111111111110
0101101101101101101101101101101101101101101101101101101101101101101111111111111111111111111111111110
0110110110110110110110110110110110110110110110110110110110110110110111111111111111111111111111111110
0011011011011011011011011011011011011011011011011011011011011011011011111111111111111111111111111110
0101101101101101101101101101101101101101101101101101101101101101101101111111111111111111111111111110
0110110110110110110110110110110110110110110110110110110110110110110110111111111111111111111111111110
0011011011011011011011011011011011011011011011011011011011011011011011011111111111111111111111111110
0101101101101101101101101101101101101101101101101101101101101101101101101111111111111111111111111110
0110110110110110110110110110110110110110110110110110110110110110110110110111111111111111111111111110
0011011011011011011011011011011011011011011011011011011011011011011011011011111111111111111111111110
0101101101101101101101101101101101101101101101101101101101101101101101101101111111111111111111111110
0110110110110110110110110110110110110110110110110110110110110110110110110110111111111111111111111110
0011011011011011011011011011011011011011011011011011011011011011011011011011011111111111111111111110
0101101101101101101101101101101101101101101101101101101101101101101101101101101111111111111111111110
0110110110110110110110110110110110110110110110110110110110110110110110110110110111111111111111111110
0011011011011011011011011011011011011011011011011011011011011011011011011011011011111111111111111110
0101101101101101101101101101101101101101101101101101101101101101101101101101101101111111111111111110
0110110110110110110110110110110110110110110110110110110110110110110110110110110110111111111111111110
0011011011011011011011011011011011011011011011011011011011011011011011011011011011011111111111111110
0101101101101101101101101101101101101101101101101101101101101101101101101101101101101111111111111110
0110110110110110110110110110110110110110110110110110110110110110110110110110110110110111111111111110
0011011011011011011011011011011011011011011011011011011011011011011011011011011011011011111111111110
0101101101101101101101101101101101101101101101101101101101101101101101101101101101101101111111111110
0110110110110110110110110110110110110110110110110110110110110110110110110110110110110110111111111110
0011011011011011011011011011011011011011011011011011011011011011011011011011011011011011011111111110
0101101101101101101101101101101101101101101101101101101101101101101101101101101101101101101111111110
0110110110110110110110110110110110110110110110110110110110110110110110110110110110110110110111111110
0011011011011011011011011011011011011011011011011011011011011011011011011011011011011011011011111110
0101101101101101101101101101101101101101101101101101101101101101101101101101101101101101101101111110
0110110110110110110110110110110110110110110110110110110110110110110110110110110110110110110110111110
0011011011011011011011011011011011011011011011011011011011011011011011011011011011011011011011011110
0101101101101101101101101101101101101101101101101101101101101101101101101101101101101101101101101110
0110110110110110110110110110110110110110110110110110110110110110110110110110110110110110110110110110
0011011011011011011011011011011011011011011011011011011011011011011011011011011011011011011011011010
0101101101101101101101101101101101101101101101101101101101101101101101101101101101101101101101101110
