0000000000000000000000000000000000000000000000000010000000000000000000000000000000000000000000000000
0111111111111111111111111111111111111111111111111000111111111111111111111111111111111111111111111110
0111111111111111111111111111111111111111111111110010111111111111111111111111111111111111111111111100
0111111111111111111111111111111111111111111111100000111111111111111111111111111111111111111111111000
0111111111111111111111111111111111111111111111001110111111111111111111111111111111111111111111110010
0111111111111111111111111111111111111111111110001100111111111111111111111111111111111111111111100000
0111111111111111111111111111111111111111111100101000111111111111111111111111111111111111111111001110
0111111111111111111111111111111111111111111000000010111111111111111111111111111111111111111110001100
0111111111111111111111111111111111111111110011111000111111111111111111111111111111111111111100101000
0111111111111111111111111111111111111111100011110010111111111111111111111111111111111111111000000010
0111111111111111111111111111111111111111001011100000111111111111111111111111111111111111110011111000
0111111111111111111111111111111111111110000011001110111111111111111111111111111111111111100011110010
0111111111111111111111111111111111111100111010001100111111111111111111111111111111111111001011100000
0111111111111111111111111111111111111000110000101000111111111111111111111111111111111110000011001110
0111111111111111111111111111111111110010100110000010111111111111111111111111111111111100111010001100
0111111111111111111111111111111111100000000100111000111111111111111111111111111111111000110000101000
0111111111111111111111111111111111001111110000110010111111111111111111111111111111110010100110000010
0111111111111111111111111111111110001111100110100000111111111111111111111111111111100000000100111000
0111111111111111111111111111111100101111000100001110111111111111111111111111111111001111110000110010
0111111111111111111111111111111000001110010001101100111111111111111111111111111110001111100110100000
0111111111111111111111111111110011101100000101001000111111111111111111111111111100101111000100001110
0111111111111111111111111111100011001001110000000010111111111111111111111111111000001110010001101100
0111111111111111111111111111001010000001100111111000111111111111111111111111110011101100000101001000
0111111111111111111111111110000000111101000111110010111111111111111111111111100011001001110000000010
0111111111111111111111111100111110111000010111100000111111111111111111111111001010000001100111111000
0111111111111111111111111000111100110011000111001110111111111111111111111110000000111101000111110010
0111111111111111111111110010111000100010010110001100111111111111111111111100111110111000010111100000
0111111111111111111111100000110010001000000100101000111111111111111111111000111100110011000111001110
0111111111111111111111001110100000100011110000000010111111111111111111110010111000100010010110001100
0111111111111111111110001100001110001011100111111000111111111111111111100000110010001000000100101000
0111111111111111111100101001101100100011000111110010111111111111111111001110100000100011110000000010
0111111111111111111000000001001000001010010111100000111111111111111110001100001110001011100111111000
0111111111111111110011111100000011100000000111001110111111111111111100101001101100100011000111110010
0111111111111111100011111001111011001111110110001100111111111111111000000001001000001010010111100000
0111111111111111001011110001110010001111100100101000111111111111110011111100000011100000000111001110
0111111111111110000011100101100000101111000000000010111111111111100011111001111011001111110110001100
0111111111111100111011000001001110001110011111111000111111111111001011110001110010001111100100101000
0111111111111000110010011100001100101100011111110010111111111110000011100101100000101111000000000010
0111111111110010100000011001101000001001011111100000111111111100111011000001001110001110011111111000
0111111111100000001111010001000011100000011111001110111111111000110010011100001100101100011111110010
0111111111001111101110000100011011001111011110001100111111110010100000011001101000001001011111100000
0111111110001111001100110001010010001110011100101000111111100000001111010001000011100000011111001110
0111111100101110001000100100000000101100011000000010111111001111101110000100011011001111011110001100
0111111000001100100010000001111110001001010011111000111110001111001100110001010010001110011100101000
0111110011101000001000111101111100100000000011110010111100101110001000100100000000101100011000000010
0111100011000011100010111001111000001111111011100000111000001100100010000001111110001001010011111000
0111001010011011001000110001110011101111110011001110110011101000001000111101111100100000000011110010
0110000000010010000010100101100011001111100010001100100011000011100010111001111000001111111011100000
0100111111000000111000000001001010001111001000101000001010011011001000110001110011101111110011001110
0000111110011110110011111100000000101110000010000011100000010010000010100101100011001111100010001100
0110111100011100100011111001111110001100111000111011001111000000111000000001001010001111001000101000
0100111001011000001011110001111100101000110010110010001110011110110011111100000000101110000010000010
0000110000010011100011100101111000000010100000100000101100011100100011111001111110001100111000111000
0110100111000011001011000001110011111000001110001110001001011000001011110001111100101000110010110010
0100000110011010000010011101100011110011101100101100100000010011100011100101111000000010100000100000
0001110100010000111000011001001011100011001000001000001111000011001011000001110011111000001110001110
0101100001000110110011010000000011001010000011100011101110011010000010011101100011110011101100101100
0001001100010100100010000111111010000000111011001011001100010000111000011001001011100011001000001000
0100001001000000001000110111110000111110110010000010001001000110110011010000000011001010000011100010
0001100000011111100010100111100110111100100000111000100000010100100010000111111010000000111011001000
0101001111011111001000000111000100111000001110110010001111000000001000110111110000111110110010000010
0000001110011110000011110110010000110011101100100000101110011111100010100111100110111100100000111000
0111101100011100111011100100000110100011001000001110001100011111001000000111000100111000001110110010
0111001001011000110011000001110100001010000011101100101001011110000011110110010000110011101100100000
0110000000010010100010011101100001100000111011001000000000011100111011100100000110100011001000001110
0100111111000000001000011001001101001110110010000011111111011000110011000001110100001010000011101100
0000111110011111100011010000001000001100100000111011111110010010100010011101100001100000111011001000
0110111100011111001010000111100011101000001110110011111100000000001000011001001101001110110010000010
0100111001011110000000110111001011000011101100100011111001111111100011010000001000001100100000111000
0000110000011100111110100110000010011011001000001011110001111111001010000111100011101000001110110010
0110100111011000111100000100111000010010000011100011100101111110000000110111001011000011101100100000
0100000110010010111001110000110011000000111011001011000001111100111110100110000010011011001000001110
0001110100000000110001100110100010011110110010000010011101111000111100000100111000010010000011101100
0101100001111110100101000100001000011100100000111000011001110010111001110000110011000000111011001000
0001001101111100000000010001100011011000001110110011010001100000110001100110100010011110110010000010
0100001001111001111111000101001010010011101100100010000101001110100101000100001000011100100000111000
0001100001110001111110010000000000000011001000001000110000001100000000010001100011011000001110110010
0101001101100101111100000111111111111010000011100010100111101001111111000101001010010011101100100000
0000001001000001111001110111111111110000111011001000000111000001111110010000000000000011001000001110
0111100000011101110001100111111111100110110010000011110110011101111100000111111111111010000011101100
0111001111011001100101000111111111000100100000111011100100011001111001110111111111110000111011001000
0110001110010001000000010111111110010000001110110011000001010001110001100111111111100110110010000010
0100101100000100011111000111111100000111101100100010011100000101100101000111111111000100100000111000
0000001001110001011110010111111001110111001000001000011001110001000000010111111110010000001110110010
0111100001100100011100000111110001100110000011100011010001100100011111000111111100000111101100100000
0111001101000001011001110111100101000100111011001010000101000001011110010111111001110111001000001110
0110001000011100010001100111000000010000110010000000110000011100011100000111110001100110000011101100
0100100011011001000101000110011111000110100000111110100111011001011001110111100101000100111011001000
0000001010010000010000010100011110010100001110111100000110010000010001100111000000010000110010000010
0111100000000111000111000001011100000001101100111001110100000111000101000110011111000110100000111000
0111001111110110010110011100011001111101001000110001100001110110010000010100011110010100001110110010
0110001111100100000100011001010001111000000010100101001101100100000111000001011100000001101100100000
0100101111000001110001010000000101110011111000000000001001000001110110011100011001111101001000001110
0000001110011101100100000111110001100011110011111111100000011101100100011001010001111000000011101100
0111101100011001000001110111100101001011100011111111001111011001000001010000000101110011111011001000
0111001001010000011101100111000000000011001011111110001110010000011100000111110001100011110010000010
0110000000000111011001000110011111111010000011111100101100000111011001110111100101001011100000111000
0100111111110110010000010100011111110000111011111000001001110110010001100111000000000011001110110010
0000111111100100000111000001011111100110110011110011100001100100000101000110011111111010001100100000
0110111111000001110110011100011111000100100011100011001101000001110000010100011111110000101000001110
