0000000000000000000000000000000000000000000000000010000000000000000000000000000000000000000000000000
0111111111111111111111111111111111111111111111111001111111111111111111111111111111111111111111111110
0111111111111111111111111111111111111111111111110101111111111111111111111111111111111111111111111100
0111111111111111111111111111111111111111111111100001111111111111111111111111111111111111111111111010
0111111111111111111111111111111111111111111111011101111111111111111111111111111111111111111111110000
0111111111111111111111111111111111111111111110011001111111111111111111111111111111111111111111101110
0111111111111111111111111111111111111111111101010101111111111111111111111111111111111111111111001100
0111111111111111111111111111111111111111111000000001111111111111111111111111111111111111111110101010
0111111111111111111111111111111111111111110111111101111111111111111111111111111111111111111100000000
0111111111111111111111111111111111111111100111111001111111111111111111111111111111111111111011111110
0111111111111111111111111111111111111111010111110101111111111111111111111111111111111111110011111100
0111111111111111111111111111111111111110000111100001111111111111111111111111111111111111101011111010
0111111111111111111111111111111111111101110111011101111111111111111111111111111111111111000011110000
0111111111111111111111111111111111111001100110011001111111111111111111111111111111111110111011101110
0111111111111111111111111111111111110101010101010101111111111111111111111111111111111100110011001100
0111111111111111111111111111111111100000000000000001111111111111111111111111111111111010101010101010
0111111111111111111111111111111111011111111111111101111111111111111111111111111111110000000000000000
0111111111111111111111111111111110011111111111111001111111111111111111111111111111101111111111111110
0111111111111111111111111111111101011111111111110101111111111111111111111111111111001111111111111100
0111111111111111111111111111111000011111111111100001111111111111111111111111111110101111111111111010
0111111111111111111111111111110111011111111111011101111111111111111111111111111100001111111111110000
0111111111111111111111111111100110011111111110011001111111111111111111111111111011101111111111101110
0111111111111111111111111111010101011111111101010101111111111111111111111111110011001111111111001100
0111111111111111111111111110000000011111111000000001111111111111111111111111101010101111111110101010
0111111111111111111111111101111111011111110111111101111111111111111111111111000000001111111100000000
0111111111111111111111111001111110011111100111111001111111111111111111111110111111101111111011111110
0111111111111111111111110101111101011111010111110101111111111111111111111100111111001111110011111100
0111111111111111111111100001111000011110000111100001111111111111111111111010111110101111101011111010
0111111111111111111111011101110111011101110111011101111111111111111111110000111100001111000011110000
0111111111111111111110011001100110011001100110011001111111111111111111101110111011101110111011101110
0111111111111111111101010101010101010101010101010101111111111111111111001100110011001100110011001100
0111111111111111111000000000000000000000000000000001111111111111111110101010101010101010101010101010
0111111111111111110111111111111111111111111111111101111111111111111100000000000000000000000000000000
0111111111111111100111111111111111111111111111111001111111111111111011111111111111111111111111111110
0111111111111111010111111111111111111111111111110101111111111111110011111111111111111111111111111100
0111111111111110000111111111111111111111111111100001111111111111101011111111111111111111111111111010
0111111111111101110111111111111111111111111111011101111111111111000011111111111111111111111111110000
0111111111111001100111111111111111111111111110011001111111111110111011111111111111111111111111101110
0111111111110101010111111111111111111111111101010101111111111100110011111111111111111111111111001100
0111111111100000000111111111111111111111111000000001111111111010101011111111111111111111111110101010
0111111111011111110111111111111111111111110111111101111111110000000011111111111111111111111100000000
0111111110011111100111111111111111111111100111111001111111101111111011111111111111111111111011111110
0111111101011111010111111111111111111111010111110101111111001111110011111111111111111111110011111100
0111111000011110000111111111111111111110000111100001111110101111101011111111111111111111101011111010
0111110111011101110111111111111111111101110111011101111100001111000011111111111111111111000011110000
0111100110011001100111111111111111111001100110011001111011101110111011111111111111111110111011101110
0111010101010101010111111111111111110101010101010101110011001100110011111111111111111100110011001100
0110000000000000000111111111111111100000000000000001101010101010101011111111111111111010101010101010
0101111111111111110111111111111111011111111111111101000000000000000011111111111111110000000000000000
0001111111111111100111111111111110011111111111111000111111111111111011111111111111101111111111111110
0101111111111111010111111111111101011111111111110110111111111111110011111111111111001111111111111100
0001111111111110000111111111111000011111111111100100111111111111101011111111111110101111111111111010
0101111111111101110111111111110111011111111111010010111111111111000011111111111100001111111111110000
0001111111111001100111111111100110011111111110001000111111111110111011111111111011101111111111101110
0101111111110101010111111111010101011111111101100110111111111100110011111111110011001111111111001100
0001111111100000000111111110000000011111111001010100111111111010101011111111101010101111111110101010
0101111111011111110111111101111111011111110100000010111111110000000011111111000000001111111100000000
0001111110011111100111111001111110011111100011111000111111101111111011111110111111101111111011111110
0101111101011111010111110101111101011111011011110110111111001111110011111100111111001111110011111100
0001111000011110000111100001111000011110010011100100111110101111101011111010111110101111101011111010
0101110111011101110111011101110111011101001011010010111100001111000011110000111100001111000011110000
0001100110011001100110011001100110011000100010001000111011101110111011101110111011101110111011101110
0101010101010101010101010101010101010110011001100110110011001100110011001100110011001100110011001100
0000000000000000000000000000000000000101010101010100101010101010101010101010101010101010101010101010
0111111111111111111111111111111111110000000000000010000000000000000000000000000000000000000000000000
0111111111111111111111111111111111101111111111111001111111111111111111111111111111111111111111111110
0111111111111111111111111111111111001111111111110101111111111111111111111111111111111111111111111100
0111111111111111111111111111111110101111111111100001111111111111111111111111111111111111111111111010
0111111111111111111111111111111100001111111111011101111111111111111111111111111111111111111111110000
0111111111111111111111111111111011101111111110011001111111111111111111111111111111111111111111101110
0111111111111111111111111111110011001111111101010101111111111111111111111111111111111111111111001100
0111111111111111111111111111101010101111111000000001111111111111111111111111111111111111111110101010
0111111111111111111111111111000000001111110111111101111111111111111111111111111111111111111100000000
0111111111111111111111111110111111101111100111111001111111111111111111111111111111111111111011111110
0111111111111111111111111100111111001111010111110101111111111111111111111111111111111111110011111100
0111111111111111111111111010111110101110000111100001111111111111111111111111111111111111101011111010
0111111111111111111111110000111100001101110111011101111111111111111111111111111111111111000011110000
0111111111111111111111101110111011101001100110011001111111111111111111111111111111111110111011101110
0111111111111111111111001100110011000101010101010101111111111111111111111111111111111100110011001100
0111111111111111111110101010101010110000000000000001111111111111111111111111111111111010101010101010
0111111111111111111100000000000000101111111111111101111111111111111111111111111111110000000000000000
0111111111111111111011111111111110001111111111111001111111111111111111111111111111101111111111111110
0111111111111111110011111111111101101111111111110101111111111111111111111111111111001111111111111100
0111111111111111101011111111111001001111111111100001111111111111111111111111111110101111111111111010
0111111111111111000011111111110100101111111111011101111111111111111111111111111100001111111111110000
0111111111111110111011111111100010001111111110011001111111111111111111111111111011101111111111101110
0111111111111100110011111111011001101111111101010101111111111111111111111111110011001111111111001100
0111111111111010101011111110010101001111111000000001111111111111111111111111101010101111111110101010
0111111111110000000011111101000000101111110111111101111111111111111111111111000000001111111100000000
0111111111101111111011111000111110001111100111111001111111111111111111111110111111101111111011111110
0111111111001111110011110110111101101111010111110101111111111111111111111100111111001111110011111100
0111111110101111101011100100111001001110000111100001111111111111111111111010111110101111101011111010
0111111100001111000011010010110100101101110111011101111111111111111111110000111100001111000011110000
0111111011101110111010001000100010001001100110011001111111111111111111101110111011101110111011101110
0111110011001100110001100110011001100101010101010101111111111111111111001100110011001100110011001100
0111101010101010101101010101010101010000000000000001111111111111111110101010101010101010101010101010
0111000000000000001000000000000000001111111111111101111111111111111100000000000000000000000000000000
0110111111111111100111111111111111101111111111111001111111111111111011111111111111111111111111111110
0100111111111111010111111111111111001111111111110101111111111111110011111111111111111111111111111100
0010111111111110000111111111111110101111111111100001111111111111101011111111111111111111111111111010
