0000000000000000000000000000000000000000000000000010000000000000000000000000000000000000000000000000
0111111111111111111111111111111111111111111111111010111111111111111111111111111111111111111111111110
0111111111111111111111111111111111111111111111110010111111111111111111111111111111111111111111111100
0111111111111111111111111111111111111111111111100010111111111111111111111111111111111111111111111000
0111111111111111111111111111111111111111111111001010111111111111111111111111111111111111111111110010
0111111111111111111111111111111111111111111110001010111111111111111111111111111111111111111111100010
0111111111111111111111111111111111111111111100101010111111111111111111111111111111111111111111001010
0111111111111111111111111111111111111111111000101010111111111111111111111111111111111111111110001010
0111111111111111111111111111111111111111110010101010111111111111111111111111111111111111111100101010
0111111111111111111111111111111111111111100010101010111111111111111111111111111111111111111000101010
0111111111111111111111111111111111111111001010101010111111111111111111111111111111111111110010101010
0111111111111111111111111111111111111110001010101010111111111111111111111111111111111111100010101010
0111111111111111111111111111111111111100101010101010111111111111111111111111111111111111001010101010
0111111111111111111111111111111111111000101010101010111111111111111111111111111111111110001010101010
0111111111111111111111111111111111110010101010101010111111111111111111111111111111111100101010101010
0111111111111111111111111111111111100010101010101010111111111111111111111111111111111000101010101010
0111111111111111111111111111111111001010101010101010111111111111111111111111111111110010101010101010
0111111111111111111111111111111110001010101010101010111111111111111111111111111111100010101010101010
0111111111111111111111111111111100101010101010101010111111111111111111111111111111001010101010101010
0111111111111111111111111111111000101010101010101010111111111111111111111111111110001010101010101010
0111111111111111111111111111110010101010101010101010111111111111111111111111111100101010101010101010
0111111111111111111111111111100010101010101010101010111111111111111111111111111000101010101010101010
0111111111111111111111111111001010101010101010101010111111111111111111111111110010101010101010101010
0111111111111111111111111110001010101010101010101010111111111111111111111111100010101010101010101010
0111111111111111111111111100101010101010101010101010111111111111111111111111001010101010101010101010
0111111111111111111111111000101010101010101010101010111111111111111111111110001010101010101010101010
0111111111111111111111110010101010101010101010101010111111111111111111111100101010101010101010101010
0111111111111111111111100010101010101010101010101010111111111111111111111000101010101010101010101010
0111111111111111111111001010101010101010101010101010111111111111111111110010101010101010101010101010
0111111111111111111110001010101010101010101010101010111111111111111111100010101010101010101010101010
0111111111111111111100101010101010101010101010101010111111111111111111001010101010101010101010101010
0111111111111111111000101010101010101010101010101010111111111111111110001010101010101010101010101010
0111111111111111110010101010101010101010101010101010111111111111111100101010101010101010101010101010
0111111111111111100010101010101010101010101010101010111111111111111000101010101010101010101010101010
0111111111111111001010101010101010101010101010101010111111111111110010101010101010101010101010101010
0111111111111110001010101010101010101010101010101010111111111111100010101010101010101010101010101010
0111111111111100101010101010101010101010101010101010111111111111001010101010101010101010101010101010
0111111111111000101010101010101010101010101010101010111111111110001010101010101010101010101010101010
0111111111110010101010101010101010101010101010101010111111111100101010101010101010101010101010101010
0111111111100010101010101010101010101010101010101010111111111000101010101010101010101010101010101010
0111111111001010101010101010101010101010101010101010111111110010101010101010101010101010101010101010
0111111110001010101010101010101010101010101010101010111111100010101010101010101010101010101010101010
0111111100101010101010101010101010101010101010101010111111001010101010101010101010101010101010101010
0111111000101010101010101010101010101010101010101010111110001010101010101010101010101010101010101010
0111110010101010101010101010101010101010101010101010111100101010101010101010101010101010101010101010
0111100010101010101010101010101010101010101010101010111000101010101010101010101010101010101010101010
0111001010101010101010101010101010101010101010101010110010101010101010101010101010101010101010101010
0110001010101010101010101010101010101010101010101010100010101010101010101010101010101010101010101010
0100101010101010101010101010101010101010101010101010101010101010101010101010101010101010101010101010
0100101010101010101010101010101010101010101010101010101010101010101010101010101010101010101010101010
0100101010101010101010101010101010101010101010101010101010101010101010101010101010101010101010101010
0100101010101010101010101010101010101010101010101010101010101010101010101010101010101010101010101010
0100101010101010101010101010101010101010101010101010101010101010101010101010101010101010101010101010
0100101010101010101010101010101010101010101010101010101010101010101010101010101010101010101010101010
0100101010101010101010101010101010101010101010101010101010101010101010101010101010101010101010101010
0100101010101010101010101010101010101010101010101010101010101010101010101010101010101010101010101010
0100101010101010101010101010101010101010101010101010101010101010101010101010101010101010101010101010
0100101010101010101010101010101010101010101010101010101010101010101010101010101010101010101010101010
0100101010101010101010101010101010101010101010101010101010101010101010101010101010101010101010101010
0100101010101010101010101010101010101010101010101010101010101010101010101010101010101010101010101010
0100101010101010101010101010101010101010101010101010101010101010101010101010101010101010101010101010
0100101010101010101010101010101010101010101010101010101010101010101010101010101010101010101010101010
0100101010101010101010101010101010101010101010101010101010101010101010101010101010101010101010101010
0100101010101010101010101010101010101010101010101010101010101010101010101010101010101010101010101010
0100101010101010101010101010101010101010101010101010101010101010101010101010101010101010101010101010
0100101010101010101010101010101010101010101010101010101010101010101010101010101010101010101010101010
0100101010101010101010101010101010101010101010101010101010101010101010101010101010101010101010101010
0100101010101010101010101010101010101010101010101010101010101010101010101010101010101010101010101010
0100101010101010101010101010101010101010101010101010101010101010101010101010101010101010101010101010
0100101010101010101010101010101010101010101010101010101010101010101010101010101010101010101010101010
0100101010101010101010101010101010101010101010101010101010101010101010101010101010101010101010101010
0100101010101010101010101010101010101010101010101010101010101010101010101010101010101010101010101010
0100101010101010101010101010101010101010101010101010101010101010101010101010101010101010101010101010
0100101010101010101010101010101010101010101010101010101010101010101010101010101010101010101010101010
0100101010101010101010101010101010101010101010101010101010101010101010101010101010101010101010101010
0100101010101010101010101010101010101010101010101010101010101010101010101010101010101010101010101010
0100101010101010101010101010101010101010101010101010101010101010101010101010101010101010101010101010
0100101010101010101010101010101010101010101010101010101010101010101010101010101010101010101010101010
0100101010101010101010101010101010101010101010101010101010101010101010101010101010101010101010101010
0100101010101010101010101010101010101010101010101010101010101010101010101010101010101010101010101010
0100101010101010101010101010101010101010101010101010101010101010101010101010101010101010101010101010
0100101010101010101010101010101010101010101010101010101010101010101010101010101010101010101010101010
0100101010101010101010101010101010101010101010101010101010101010101010101010101010101010101010101010
0100101010101010101010101010101010101010101010101010101010101010101010101010101010101010101010101010
0100101010101010101010101010101010101010101010101010101010101010101010101010101010101010101010101010
0100101010101010101010101010101010101010101010101010101010101010101010101010101010101010101010101010
0100101010101010101010101010101010101010101010101010101010101010101010101010101010101010101010101010
0100101010101010101010101010101010101010101010101010101010101010101010101010101010101010101010101010
0100101010101010101010101010101010101010101010101010101010101010101010101010101010101010101010101010
0100101010101010101010101010101010101010101010101010101010101010101010101010101010101010101010101010
0100101010101010101010101010101010101010101010101010101010101010101010101010101010101010101010101010
0100101010101010101010101010101010101010101010101010101010101010101010101010101010101010101010101010
0100101010101010101010101010101010101010101010101010101010101010101010101010101010101010101010101010
0100101010101010101010101010101010101010101010101010101010101010101010101010101010101010101010101010
0100101010101010101010101010101010101010101010101010101010101010101010101010101010101010101010101010
0100101010101010101010101010101010101010101010101010101010101010101010101010101010101010101010101010
0100101010101010101010101010101010101010101010101010101010101010101010101010101010101010101010101010
0100101010101010101010101010101010101010101010101010101010101010101010101010101010101010101010101010
0100101010101010101010101010101010101010101010101010101010101010101010101010101010101010101010101010
0100101010101010101010101010101010101010101010101010101010101010101010101010101010101010101010101010
