0000000000000000000000000000000000000000000000000010000000000000000000000000000000000000000000000000
0111111111111111111111111111111111111111111111111011111111111111111111111111111111111111111111111110
0111111111111111111111111111111111111111111111110011111111111111111111111111111111111111111111111100
0111111111111111111111111111111111111111111111101011111111111111111111111111111111111111111111111010
0111111111111111111111111111111111111111111111001011111111111111111111111111111111111111111111110010
0111111111111111111111111111111111111111111110101011111111111111111111111111111111111111111111101010
0111111111111111111111111111111111111111111100101011111111111111111111111111111111111111111111001010
0111111111111111111111111111111111111111111010101011111111111111111111111111111111111111111110101010
0111111111111111111111111111111111111111110010101011111111111111111111111111111111111111111100101010
0111111111111111111111111111111111111111101010101011111111111111111111111111111111111111111010101010
0111111111111111111111111111111111111111001010101011111111111111111111111111111111111111110010101010
0111111111111111111111111111111111111110101010101011111111111111111111111111111111111111101010101010
0111111111111111111111111111111111111100101010101011111111111111111111111111111111111111001010101010
0111111111111111111111111111111111111010101010101011111111111111111111111111111111111110101010101010
0111111111111111111111111111111111110010101010101011111111111111111111111111111111111100101010101010
0111111111111111111111111111111111101010101010101011111111111111111111111111111111111010101010101010
0111111111111111111111111111111111001010101010101011111111111111111111111111111111110010101010101010
0111111111111111111111111111111110101010101010101011111111111111111111111111111111101010101010101010
0111111111111111111111111111111100101010101010101011111111111111111111111111111111001010101010101010
0111111111111111111111111111111010101010101010101011111111111111111111111111111110101010101010101010
0111111111111111111111111111110010101010101010101011111111111111111111111111111100101010101010101010
0111111111111111111111111111101010101010101010101011111111111111111111111111111010101010101010101010
0111111111111111111111111111001010101010101010101011111111111111111111111111110010101010101010101010
0111111111111111111111111110101010101010101010101011111111111111111111111111101010101010101010101010
0111111111111111111111111100101010101010101010101011111111111111111111111111001010101010101010101010
0111111111111111111111111010101010101010101010101011111111111111111111111110101010101010101010101010
0111111111111111111111110010101010101010101010101011111111111111111111111100101010101010101010101010
0111111111111111111111101010101010101010101010101011111111111111111111111010101010101010101010101010
0111111111111111111111001010101010101010101010101011111111111111111111110010101010101010101010101010
0111111111111111111110101010101010101010101010101011111111111111111111101010101010101010101010101010
0111111111111111111100101010101010101010101010101011111111111111111111001010101010101010101010101010
0111111111111111111010101010101010101010101010101011111111111111111110101010101010101010101010101010
0111111111111111110010101010101010101010101010101011111111111111111100101010101010101010101010101010
0111111111111111101010101010101010101010101010101011111111111111111010101010101010101010101010101010
0111111111111111001010101010101010101010101010101011111111111111110010101010101010101010101010101010
0111111111111110101010101010101010101010101010101011111111111111101010101010101010101010101010101010
0111111111111100101010101010101010101010101010101011111111111111001010101010101010101010101010101010
0111111111111010101010101010101010101010101010101011111111111110101010101010101010101010101010101010
0111111111110010101010101010101010101010101010101011111111111100101010101010101010101010101010101010
0111111111101010101010101010101010101010101010101011111111111010101010101010101010101010101010101010
0111111111001010101010101010101010101010101010101011111111110010101010101010101010101010101010101010
0111111110101010101010101010101010101010101010101011111111101010101010101010101010101010101010101010
0111111100101010101010101010101010101010101010101011111111001010101010101010101010101010101010101010
0111111010101010101010101010101010101010101010101011111110101010101010101010101010101010101010101010
0111110010101010101010101010101010101010101010101011111100101010101010101010101010101010101010101010
0111101010101010101010101010101010101010101010101011111010101010101010101010101010101010101010101010
0111001010101010101010101010101010101010101010101011110010101010101010101010101010101010101010101010
0110101010101010101010101010101010101010101010101011101010101010101010101010101010101010101010101010
0100101010101010101010101010101010101010101010101011001010101010101010101010101010101010101010101010
0110101010101010101010101010101010101010101010101010101010101010101010101010101010101010101010101010
0100101010101010101010101010101010101010101010101010101010101010101010101010101010101010101010101010
0110101010101010101010101010101010101010101010101010101010101010101010101010101010101010101010101010
0100101010101010101010101010101010101010101010101010101010101010101010101010101010101010101010101010
0110101010101010101010101010101010101010101010101010101010101010101010101010101010101010101010101010
0100101010101010101010101010101010101010101010101010101010101010101010101010101010101010101010101010
0110101010101010101010101010101010101010101010101010101010101010101010101010101010101010101010101010
0100101010101010101010101010101010101010101010101010101010101010101010101010101010101010101010101010
0110101010101010101010101010101010101010101010101010101010101010101010101010101010101010101010101010
0100101010101010101010101010101010101010101010101010101010101010101010101010101010101010101010101010
0110101010101010101010101010101010101010101010101010101010101010101010101010101010101010101010101010
0100101010101010101010101010101010101010101010101010101010101010101010101010101010101010101010101010
0110101010101010101010101010101010101010101010101010101010101010101010101010101010101010101010101010
0100101010101010101010101010101010101010101010101010101010101010101010101010101010101010101010101010
0110101010101010101010101010101010101010101010101010101010101010101010101010101010101010101010101010
0100101010101010101010101010101010101010101010101010101010101010101010101010101010101010101010101010
0110101010101010101010101010101010101010101010101010101010101010101010101010101010101010101010101010
0100101010101010101010101010101010101010101010101010101010101010101010101010101010101010101010101010
0110101010101010101010101010101010101010101010101010101010101010101010101010101010101010101010101010
0100101010101010101010101010101010101010101010101010101010101010101010101010101010101010101010101010
0110101010101010101010101010101010101010101010101010101010101010101010101010101010101010101010101010
0100101010101010101010101010101010101010101010101010101010101010101010101010101010101010101010101010
0110101010101010101010101010101010101010101010101010101010101010101010101010101010101010101010101010
0100101010101010101010101010101010101010101010101010101010101010101010101010101010101010101010101010
0110101010101010101010101010101010101010101010101010101010101010101010101010101010101010101010101010
0100101010101010101010101010101010101010101010101010101010101010101010101010101010101010101010101010
0110101010101010101010101010101010101010101010101010101010101010101010101010101010101010101010101010
0100101010101010101010101010101010101010101010101010101010101010101010101010101010101010101010101010
0110101010101010101010101010101010101010101010101010101010101010101010101010101010101010101010101010
0100101010101010101010101010101010101010101010101010101010101010101010101010101010101010101010101010
0110101010101010101010101010101010101010101010101010101010101010101010101010101010101010101010101010
0100101010101010101010101010101010101010101010101010101010101010101010101010101010101010101010101010
0110101010101010101010101010101010101010101010101010101010101010101010101010101010101010101010101010
0100101010101010101010101010101010101010101010101010101010101010101010101010101010101010101010101010
0110101010101010101010101010101010101010101010101010101010101010101010101010101010101010101010101010
0100101010101010101010101010101010101010101010101010101010101010101010101010101010101010101010101010
0110101010101010101010101010101010101010101010101010101010101010101010101010101010101010101010101010
0100101010101010101010101010101010101010101010101010101010101010101010101010101010101010101010101010
0110101010101010101010101010101010101010101010101010101010101010101010101010101010101010101010101010
0100101010101010101010101010101010101010101010101010101010101010101010101010101010101010101010101010
0110101010101010101010101010101010101010101010101010101010101010101010101010101010101010101010101010
0100101010101010101010101010101010101010101010101010101010101010101010101010101010101010101010101010
0110101010101010101010101010101010101010101010101010101010101010101010101010101010101010101010101010
0100101010101010101010101010101010101010101010101010101010101010101010101010101010101010101010101010
0110101010101010101010101010101010101010101010101010101010101010101010101010101010101010101010101010
0100101010101010101010101010101010101010101010101010101010101010101010101010101010101010101010101010
0110101010101010101010101010101010101010101010101010101010101010101010101010101010101010101010101010
0100101010101010101010101010101010101010101010101010101010101010101010101010101010101010101010101010
0110101010101010101010101010101010101010101010101010101010101010101010101010101010101010101010101010
0100101010101010101010101010101010101010101010101010101010101010101010101010101010101010101010101010
0110101010101010101010101010101010101010101010101010101010101010101010101010101010101010101010101010
