0000000000000000000000000000000000000000000000000010000000000000000000000000000000000000000000000000
0111111111111111111111111111111111111111111111111101111111111111111111111111111111111111111111111110
0111111111111111111111111111111111111111111111111001111111111111111111111111111111111111111111111100
0111111111111111111111111111111111111111111111110111111111111111111111111111111111111111111111111010
0111111111111111111111111111111111111111111111100111111111111111111111111111111111111111111111110000
0111111111111111111111111111111111111111111111011111111111111111111111111111111111111111111111101110
0111111111111111111111111111111111111111111110011111111111111111111111111111111111111111111111001100
0111111111111111111111111111111111111111111101111111111111111111111111111111111111111111111110111010
0111111111111111111111111111111111111111111001111111111111111111111111111111111111111111111100110000
0111111111111111111111111111111111111111110111111111111111111111111111111111111111111111111011101110
0111111111111111111111111111111111111111100111111111111111111111111111111111111111111111110011001100
0111111111111111111111111111111111111111011111111111111111111111111111111111111111111111101110111010
0111111111111111111111111111111111111110011111111111111111111111111111111111111111111111001100110000
0111111111111111111111111111111111111101111111111111111111111111111111111111111111111110111011101110
0111111111111111111111111111111111111001111111111111111111111111111111111111111111111100110011001100
0111111111111111111111111111111111110111111111111111111111111111111111111111111111111011101110111010
0111111111111111111111111111111111100111111111111111111111111111111111111111111111110011001100110000
0111111111111111111111111111111111011111111111111111111111111111111111111111111111101110111011101110
0111111111111111111111111111111110011111111111111111111111111111111111111111111111001100110011001100
0111111111111111111111111111111101111111111111111111111111111111111111111111111110111011101110111010
0111111111111111111111111111111001111111111111111111111111111111111111111111111100110011001100110000
0111111111111111111111111111110111111111111111111111111111111111111111111111111011101110111011101110
0111111111111111111111111111100111111111111111111111111111111111111111111111110011001100110011001100
0111111111111111111111111111011111111111111111111111111111111111111111111111101110111011101110111010
0111111111111111111111111110011111111111111111111111111111111111111111111111001100110011001100110000
0111111111111111111111111101111111111111111111111111111111111111111111111110111011101110111011101110
0111111111111111111111111001111111111111111111111111111111111111111111111100110011001100110011001100
0111111111111111111111110111111111111111111111111111111111111111111111111011101110111011101110111010
0111111111111111111111100111111111111111111111111111111111111111111111110011001100110011001100110000
0111111111111111111111011111111111111111111111111111111111111111111111101110111011101110111011101110
0111111111111111111110011111111111111111111111111111111111111111111111001100110011001100110011001100
0111111111111111111101111111111111111111111111111111111111111111111110111011101110111011101110111010
0111111111111111111001111111111111111111111111111111111111111111111100110011001100110011001100110000
0111111111111111110111111111111111111111111111111111111111111111111011101110111011101110111011101110
0111111111111111100111111111111111111111111111111111111111111111110011001100110011001100110011001100
0111111111111111011111111111111111111111111111111111111111111111101110111011101110111011101110111010
0111111111111110011111111111111111111111111111111111111111111111001100110011001100110011001100110000
0111111111111101111111111111111111111111111111111111111111111110111011101110111011101110111011101110
0111111111111001111111111111111111111111111111111111111111111100110011001100110011001100110011001100
0111111111110111111111111111111111111111111111111111111111111011101110111011101110111011101110111010
0111111111100111111111111111111111111111111111111111111111110011001100110011001100110011001100110000
0111111111011111111111111111111111111111111111111111111111101110111011101110111011101110111011101110
0111111110011111111111111111111111111111111111111111111111001100110011001100110011001100110011001100
0111111101111111111111111111111111111111111111111111111110111011101110111011101110111011101110111010
0111111001111111111111111111111111111111111111111111111100110011001100110011001100110011001100110000
0111110111111111111111111111111111111111111111111111111011101110111011101110111011101110111011101110
0111100111111111111111111111111111111111111111111111110011001100110011001100110011001100110011001100
0111011111111111111111111111111111111111111111111111101110111011101110111011101110111011101110111010
0110011111111111111111111111111111111111111111111111001100110011001100110011001100110011001100110000
0101111111111111111111111111111111111111111111111110111011101110111011101110111011101110111011101110
0001111111111111111111111111111111111111111111111100110011001100110011001100110011001100110011001100
0111111111111111111111111111111111111111111111111011101110111011101110111011101110111011101110111010
0111111111111111111111111111111111111111111111110011001100110011001100110011001100110011001100110000
0111111111111111111111111111111111111111111111101110111011101110111011101110111011101110111011101110
0111111111111111111111111111111111111111111111001100110011001100110011001100110011001100110011001100
0111111111111111111111111111111111111111111110111011101110111011101110111011101110111011101110111010
0111111111111111111111111111111111111111111100110011001100110011001100110011001100110011001100110000
0111111111111111111111111111111111111111111011101110111011101110111011101110111011101110111011101110
0111111111111111111111111111111111111111110011001100110011001100110011001100110011001100110011001100
0111111111111111111111111111111111111111101110111011101110111011101110111011101110111011101110111010
0111111111111111111111111111111111111111001100110011001100110011001100110011001100110011001100110000
0111111111111111111111111111111111111110111011101110111011101110111011101110111011101110111011101110
0111111111111111111111111111111111111100110011001100110011001100110011001100110011001100110011001100
0111111111111111111111111111111111111011101110111011101110111011101110111011101110111011101110111010
0111111111111111111111111111111111110011001100110011001100110011001100110011001100110011001100110000
0111111111111111111111111111111111101110111011101110111011101110111011101110111011101110111011101110
0111111111111111111111111111111111001100110011001100110011001100110011001100110011001100110011001100
0111111111111111111111111111111110111011101110111011101110111011101110111011101110111011101110111010
0111111111111111111111111111111100110011001100110011001100110011001100110011001100110011001100110000
0111111111111111111111111111111011101110111011101110111011101110111011101110111011101110111011101110
0111111111111111111111111111110011001100110011001100110011001100110011001100110011001100110011001100
0111111111111111111111111111101110111011101110111011101110111011101110111011101110111011101110111010
0111111111111111111111111111001100110011001100110011001100110011001100110011001100110011001100110000
0111111111111111111111111110111011101110111011101110111011101110111011101110111011101110111011101110
0111111111111111111111111100110011001100110011001100110011001100110011001100110011001100110011001100
0111111111111111111111111011101110111011101110111011101110111011101110111011101110111011101110111010
0111111111111111111111110011001100110011001100110011001100110011001100110011001100110011001100110000
0111111111111111111111101110111011101110111011101110111011101110111011101110111011101110111011101110
0111111111111111111111001100110011001100110011001100110011001100110011001100110011001100110011001100
0111111111111111111110111011101110111011101110111011101110111011101110111011101110111011101110111010
0111111111111111111100110011001100110011001100110011001100110011001100110011001100110011001100110000
0111111111111111111011101110111011101110111011101110111011101110111011101110111011101110111011101110
0111111111111111110011001100110011001100110011001100110011001100110011001100110011001100110011001100
0111111111111111101110111011101110111011101110111011101110111011101110111011101110111011101110111010
0111111111111111001100110011001100110011001100110011001100110011001100110011001100110011001100110000
0111111111111110111011101110111011101110111011101110111011101110111011101110111011101110111011101110
0111111111111100110011001100110011001100110011001100110011001100110011001100110011001100110011001100
0111111111111011101110111011101110111011101110111011101110111011101110111011101110111011101110111010
0111111111110011001100110011001100110011001100110011001100110011001100110011001100110011001100110000
0111111111101110111011101110111011101110111011101110111011101110111011101110111011101110111011101110
0111111111001100110011001100110011001100110011001100110011001100110011001100110011001100110011001100
0111111110111011101110111011101110111011101110111011101110111011101110111011101110111011101110111010
0111111100110011001100110011001100110011001100110011001100110011001100110011001100110011001100110000
0111111011101110111011101110111011101110111011101110111011101110111011101110111011101110111011101110
0111110011001100110011001100110011001100110011001100110011001100110011001100110011001100110011001100
0111101110111011101110111011101110111011101110111011101110111011101110111011101110111011101110111010
0111001100110011001100110011001100110011001100110011001100110011001100110011001100110011001100110000
0110111011101110111011101110111011101110111011101110111011101110111011101110111011101110111011101110
0100110011001100110011001100110011001100110011001100110011001100110011001100110011001100110011001100
0011101110111011101110111011101110111011101110111011101110111011101110111011101110111011101110111010
