0000000000000000000000000000000000000000000000000010000000000000000000000000000000000000000000000000
0111111111111111111111111111111111111111111111111110111111111111111111111111111111111111111111111110
0111111111111111111111111111111111111111111111111100111111111111111111111111111111111111111111111100
0111111111111111111111111111111111111111111111111001111111111111111111111111111111111111111111111000
0111111111111111111111111111111111111111111111110011111111111111111111111111111111111111111111110010
0111111111111111111111111111111111111111111111100111111111111111111111111111111111111111111111100110
0111111111111111111111111111111111111111111111001111111111111111111111111111111111111111111111001100
0111111111111111111111111111111111111111111110011111111111111111111111111111111111111111111110011000
0111111111111111111111111111111111111111111100111111111111111111111111111111111111111111111100110010
0111111111111111111111111111111111111111111001111111111111111111111111111111111111111111111001100110
0111111111111111111111111111111111111111110011111111111111111111111111111111111111111111110011001100
0111111111111111111111111111111111111111100111111111111111111111111111111111111111111111100110011000
0111111111111111111111111111111111111111001111111111111111111111111111111111111111111111001100110010
0111111111111111111111111111111111111110011111111111111111111111111111111111111111111110011001100110
0111111111111111111111111111111111111100111111111111111111111111111111111111111111111100110011001100
0111111111111111111111111111111111111001111111111111111111111111111111111111111111111001100110011000
0111111111111111111111111111111111110011111111111111111111111111111111111111111111110011001100110010
0111111111111111111111111111111111100111111111111111111111111111111111111111111111100110011001100110
0111111111111111111111111111111111001111111111111111111111111111111111111111111111001100110011001100
0111111111111111111111111111111110011111111111111111111111111111111111111111111110011001100110011000
0111111111111111111111111111111100111111111111111111111111111111111111111111111100110011001100110010
0111111111111111111111111111111001111111111111111111111111111111111111111111111001100110011001100110
0111111111111111111111111111110011111111111111111111111111111111111111111111110011001100110011001100
0111111111111111111111111111100111111111111111111111111111111111111111111111100110011001100110011000
0111111111111111111111111111001111111111111111111111111111111111111111111111001100110011001100110010
0111111111111111111111111110011111111111111111111111111111111111111111111110011001100110011001100110
0111111111111111111111111100111111111111111111111111111111111111111111111100110011001100110011001100
0111111111111111111111111001111111111111111111111111111111111111111111111001100110011001100110011000
0111111111111111111111110011111111111111111111111111111111111111111111110011001100110011001100110010
0111111111111111111111100111111111111111111111111111111111111111111111100110011001100110011001100110
0111111111111111111111001111111111111111111111111111111111111111111111001100110011001100110011001100
0111111111111111111110011111111111111111111111111111111111111111111110011001100110011001100110011000
0111111111111111111100111111111111111111111111111111111111111111111100110011001100110011001100110010
0111111111111111111001111111111111111111111111111111111111111111111001100110011001100110011001100110
0111111111111111110011111111111111111111111111111111111111111111110011001100110011001100110011001100
0111111111111111100111111111111111111111111111111111111111111111100110011001100110011001100110011000
0111111111111111001111111111111111111111111111111111111111111111001100110011001100110011001100110010
0111111111111110011111111111111111111111111111111111111111111110011001100110011001100110011001100110
0111111111111100111111111111111111111111111111111111111111111100110011001100110011001100110011001100
0111111111111001111111111111111111111111111111111111111111111001100110011001100110011001100110011000
0111111111110011111111111111111111111111111111111111111111110011001100110011001100110011001100110010
0111111111100111111111111111111111111111111111111111111111100110011001100110011001100110011001100110
0111111111001111111111111111111111111111111111111111111111001100110011001100110011001100110011001100
0111111110011111111111111111111111111111111111111111111110011001100110011001100110011001100110011000
0111111100111111111111111111111111111111111111111111111100110011001100110011001100110011001100110010
0111111001111111111111111111111111111111111111111111111001100110011001100110011001100110011001100110
0111110011111111111111111111111111111111111111111111110011001100110011001100110011001100110011001100
0111100111111111111111111111111111111111111111111111100110011001100110011001100110011001100110011000
0111001111111111111111111111111111111111111111111111001100110011001100110011001100110011001100110010
0110011111111111111111111111111111111111111111111110011001100110011001100110011001100110011001100110
0100111111111111111111111111111111111111111111111100110011001100110011001100110011001100110011001100
0101111111111111111111111111111111111111111111111001100110011001100110011001100110011001100110011000
0101111111111111111111111111111111111111111111110011001100110011001100110011001100110011001100110010
0101111111111111111111111111111111111111111111100110011001100110011001100110011001100110011001100110
0101111111111111111111111111111111111111111111001100110011001100110011001100110011001100110011001100
0101111111111111111111111111111111111111111110011001100110011001100110011001100110011001100110011000
0101111111111111111111111111111111111111111100110011001100110011001100110011001100110011001100110010
0101111111111111111111111111111111111111111001100110011001100110011001100110011001100110011001100110
0101111111111111111111111111111111111111110011001100110011001100110011001100110011001100110011001100
0101111111111111111111111111111111111111100110011001100110011001100110011001100110011001100110011000
0101111111111111111111111111111111111111001100110011001100110011001100110011001100110011001100110010
0101111111111111111111111111111111111110011001100110011001100110011001100110011001100110011001100110
0101111111111111111111111111111111111100110011001100110011001100110011001100110011001100110011001100
0101111111111111111111111111111111111001100110011001100110011001100110011001100110011001100110011000
0101111111111111111111111111111111110011001100110011001100110011001100110011001100110011001100110010
0101111111111111111111111111111111100110011001100110011001100110011001100110011001100110011001100110
0101111111111111111111111111111111001100110011001100110011001100110011001100110011001100110011001100
0101111111111111111111111111111110011001100110011001100110011001100110011001100110011001100110011000
0101111111111111111111111111111100110011001100110011001100110011001100110011001100110011001100110010
0101111111111111111111111111111001100110011001100110011001100110011001100110011001100110011001100110
0101111111111111111111111111110011001100110011001100110011001100110011001100110011001100110011001100
0101111111111111111111111111100110011001100110011001100110011001100110011001100110011001100110011000
0101111111111111111111111111001100110011001100110011001100110011001100110011001100110011001100110010
0101111111111111111111111110011001100110011001100110011001100110011001100110011001100110011001100110
0101111111111111111111111100110011001100110011001100110011001100110011001100110011001100110011001100
0101111111111111111111111001100110011001100110011001100110011001100110011001100110011001100110011000
0101111111111111111111110011001100110011001100110011001100110011001100110011001100110011001100110010
0101111111111111111111100110011001100110011001100110011001100110011001100110011001100110011001100110
0101111111111111111111001100110011001100110011001100110011001100110011001100110011001100110011001100
0101111111111111111110011001100110011001100110011001100110011001100110011001100110011001100110011000
0101111111111111111100110011001100110011001100110011001100110011001100110011001100110011001100110010
0101111111111111111001100110011001100110011001100110011001100110011001100110011001100110011001100110
0101111111111111110011001100110011001100110011001100110011001100110011001100110011001100110011001100
0101111111111111100110011001100110011001100110011001100110011001100110011001100110011001100110011000
0101111111111111001100110011001100110011001100110011001100110011001100110011001100110011001100110010
0101111111111110011001100110011001100110011001100110011001100110011001100110011001100110011001100110
0101111111111100110011001100110011001100110011001100110011001100110011001100110011001100110011001100
0101111111111001100110011001100110011001100110011001100110011001100110011001100110011001100110011000
0101111111110011001100110011001100110011001100110011001100110011001100110011001100110011001100110010
0101111111100110011001100110011001100110011001100110011001100110011001100110011001100110011001100110
0101111111001100110011001100110011001100110011001100110011001100110011001100110011001100110011001100
0101111110011001100110011001100110011001100110011001100110011001100110011001100110011001100110011000
0101111100110011001100110011001100110011001100110011001100110011001100110011001100110011001100110010
0101111001100110011001100110011001100110011001100110011001100110011001100110011001100110011001100110
0101110011001100110011001100110011001100110011001100110011001100110011001100110011001100110011001100
0101100110011001100110011001100110011001100110011001100110011001100110011001100110011001100110011000
0101001100110011001100110011001100110011001100110011001100110011001100110011001100110011001100110010
0101011001100110011001100110011001100110011001100110011001100110011001100110011001100110011001100110
0101010011001100110011001100110011001100110011001100110011001100110011001100110011001100110011001100
0101010110011001100110011001100110011001100110011001100110011001100110011001100110011001100110011000
