0000000000000000000000000000000000000000000000000010000000000000000000000000000000000000000000000000
0000000000000000000000000000000000000000000000000111000000000000000000000000000000000000000000000000
0000000000000000000000000000000000000000000000001110100000000000000000000000000000000000000000000000
0000000000000000000000000000000000000000000000011100110000000000000000000000000000000000000000000000
0000000000000000000000000000000000000000000000111011101000000000000000000000000000000000000000000000
0000000000000000000000000000000000000000000001110011001100000000000000000000000000000000000000000000
0000000000000000000000000000000000000000000011101110111010000000000000000000000000000000000000000000
0000000000000000000000000000000000000000000111001100110011000000000000000000000000000000000000000000
0000000000000000000000000000000000000000001110111011101110100000000000000000000000000000000000000000
0000000000000000000000000000000000000000011100110011001100110000000000000000000000000000000000000000
0000000000000000000000000000000000000000111011101110111011101000000000000000000000000000000000000000
0000000000000000000000000000000000000001110011001100110011001100000000000000000000000000000000000000
0000000000000000000000000000000000000011101110111011101110111010000000000000000000000000000000000000
0000000000000000000000000000000000000111001100110011001100110011000000000000000000000000000000000000
0000000000000000000000000000000000001110111011101110111011101110100000000000000000000000000000000000
0000000000000000000000000000000000011100110011001100110011001100110000000000000000000000000000000000
0000000000000000000000000000000000111011101110111011101110111011101000000000000000000000000000000000
0000000000000000000000000000000001110011001100110011001100110011001100000000000000000000000000000000
0000000000000000000000000000000011101110111011101110111011101110111010000000000000000000000000000000
0000000000000000000000000000000111001100110011001100110011001100110011000000000000000000000000000000
0000000000000000000000000000001110111011101110111011101110111011101110100000000000000000000000000000
0000000000000000000000000000011100110011001100110011001100110011001100110000000000000000000000000000
0000000000000000000000000000111011101110111011101110111011101110111011101000000000000000000000000000
0000000000000000000000000001110011001100110011001100110011001100110011001100000000000000000000000000
0000000000000000000000000011101110111011101110111011101110111011101110111010000000000000000000000000
0000000000000000000000000111001100110011001100110011001100110011001100110011000000000000000000000000
0000000000000000000000001110111011101110111011101110111011101110111011101110100000000000000000000000
0000000000000000000000011100110011001100110011001100110011001100110011001100110000000000000000000000
0000000000000000000000111011101110111011101110111011101110111011101110111011101000000000000000000000
0000000000000000000001110011001100110011001100110011001100110011001100110011001100000000000000000000
0000000000000000000011101110111011101110111011101110111011101110111011101110111010000000000000000000
0000000000000000000111001100110011001100110011001100110011001100110011001100110011000000000000000000
0000000000000000001110111011101110111011101110111011101110111011101110111011101110100000000000000000
0000000000000000011100110011001100110011001100110011001100110011001100110011001100110000000000000000
0000000000000000111011101110111011101110111011101110111011101110111011101110111011101000000000000000
0000000000000001110011001100110011001100110011001100110011001100110011001100110011001100000000000000
0000000000000011101110111011101110111011101110111011101110111011101110111011101110111010000000000000
0000000000000111001100110011001100110011001100110011001100110011001100110011001100110011000000000000
0000000000001110111011101110111011101110111011101110111011101110111011101110111011101110100000000000
0000000000011100110011001100110011001100110011001100110011001100110011001100110011001100110000000000
0000000000111011101110111011101110111011101110111011101110111011101110111011101110111011101000000000
0000000001110011001100110011001100110011001100110011001100110011001100110011001100110011001100000000
0000000011101110111011101110111011101110111011101110111011101110111011101110111011101110111010000000
0000000111001100110011001100110011001100110011001100110011001100110011001100110011001100110011000000
0000001110111011101110111011101110111011101110111011101110111011101110111011101110111011101110100000
0000011100110011001100110011001100110011001100110011001100110011001100110011001100110011001100110000
0000111011101110111011101110111011101110111011101110111011101110111011101110111011101110111011101000
0001110011001100110011001100110011001100110011001100110011001100110011001100110011001100110011001100
0011101110111011101110111011101110111011101110111011101110111011101110111011101110111011101110111010
0111001100110011001100110011001100110011001100110011001100110011001100110011001100110011001100110010
0110111011101110111011101110111011101110111011101110111011101110111011101110111011101110111011101110
0100110011001100110011001100110011001100110011001100110011001100110011001100110011001100110011001100
0111101110111011101110111011101110111011101110111011101110111011101110111011101110111011101110111010
0111001100110011001100110011001100110011001100110011001100110011001100110011001100110011001100110010
0110111011101110111011101110111011101110111011101110111011101110111011101110111011101110111011101110
0100110011001100110011001100110011001100110011001100110011001100110011001100110011001100110011001100
0111101110111011101110111011101110111011101110111011101110111011101110111011101110111011101110111010
0111001100110011001100110011001100110011001100110011001100110011001100110011001100110011001100110010
0110111011101110111011101110111011101110111011101110111011101110111011101110111011101110111011101110
0100110011001100110011001100110011001100110011001100110011001100110011001100110011001100110011001100
0111101110111011101110111011101110111011101110111011101110111011101110111011101110111011101110111010
0111001100110011001100110011001100110011001100110011001100110011001100110011001100110011001100110010
0110111011101110111011101110111011101110111011101110111011101110111011101110111011101110111011101110
0100110011001100110011001100110011001100110011001100110011001100110011001100110011001100110011001100
0111101110111011101110111011101110111011101110111011101110111011101110111011101110111011101110111010
0111001100110011001100110011001100110011001100110011001100110011001100110011001100110011001100110010
0110111011101110111011101110111011101110111011101110111011101110111011101110111011101110111011101110
0100110011001100110011001100110011001100110011001100110011001100110011001100110011001100110011001100
0111101110111011101110111011101110111011101110111011101110111011101110111011101110111011101110111010
0111001100110011001100110011001100110011001100110011001100110011001100110011001100110011001100110010
0110111011101110111011101110111011101110111011101110111011101110111011101110111011101110111011101110
0100110011001100110011001100110011001100110011001100110011001100110011001100110011001100110011001100
0111101110111011101110111011101110111011101110111011101110111011101110111011101110111011101110111010
0111001100110011001100110011001100110011001100110011001100110011001100110011001100110011001100110010
0110111011101110111011101110111011101110111011101110111011101110111011101110111011101110111011101110
0100110011001100110011001100110011001100110011001100110011001100110011001100110011001100110011001100
0111101110111011101110111011101110111011101110111011101110111011101110111011101110111011101110111010
0111001100110011001100110011001100110011001100110011001100110011001100110011001100110011001100110010
0110111011101110111011101110111011101110111011101110111011101110111011101110111011101110111011101110
0100110011001100110011001100110011001100110011001100110011001100110011001100110011001100110011001100
0111101110111011101110111011101110111011101110111011101110111011101110111011101110111011101110111010
0111001100110011001100110011001100110011001100110011001100110011001100110011001100110011001100110010
0110111011101110111011101110111011101110111011101110111011101110111011101110111011101110111011101110
0100110011001100110011001100110011001100110011001100110011001100110011001100110011001100110011001100
0111101110111011101110111011101110111011101110111011101110111011101110111011101110111011101110111010
0111001100110011001100110011001100110011001100110011001100110011001100110011001100110011001100110010
0110111011101110111011101110111011101110111011101110111011101110111011101110111011101110111011101110
0100110011001100110011001100110011001100110011001100110011001100110011001100110011001100110011001100
0111101110111011101110111011101110111011101110111011101110111011101110111011101110111011101110111010
0111001100110011001100110011001100110011001100110011001100110011001100110011001100110011001100110010
0110111011101110111011101110111011101110111011101110111011101110111011101110111011101110111011101110
0100110011001100110011001100110011001100110011001100110011001100110011001100110011001100110011001100
0111101110111011101110111011101110111011101110111011101110111011101110111011101110111011101110111010
0111001100110011001100110011001100110011001100110011001100110011001100110011001100110011001100110010
0110111011101110111011101110111011101110111011101110111011101110111011101110111011101110111011101110
0100110011001100110011001100110011001100110011001100110011001100110011001100110011001100110011001100
0111101110111011101110111011101110111011101110111011101110111011101110111011101110111011101110111010
0111001100110011001100110011001100110011001100110011001100110011001100110011001100110011001100110010
0110111011101110111011101110111011101110111011101110111011101110111011101110111011101110111011101110
0100110011001100110011001100110011001100110011001100110011001100110011001100110011001100110011001100
