0000000000000000000000000000000000000000000000000010000000000000000000000000000000000000000000000000
0111111111111111111111111111111111111111111111111111111111111111111111111111111111111111111111111110
0111111111111111111111111111111111111111111111111111111111111111111111111111111111111111111111111100
0111111111111111111111111111111111111111111111111111111111111111111111111111111111111111111111111010
0111111111111111111111111111111111111111111111111111111111111111111111111111111111111111111111110010
0111111111111111111111111111111111111111111111111111111111111111111111111111111111111111111111101110
0111111111111111111111111111111111111111111111111111111111111111111111111111111111111111111111001100
0111111111111111111111111111111111111111111111111111111111111111111111111111111111111111111110111010
0111111111111111111111111111111111111111111111111111111111111111111111111111111111111111111100110010
0111111111111111111111111111111111111111111111111111111111111111111111111111111111111111111011101110
0111111111111111111111111111111111111111111111111111111111111111111111111111111111111111110011001100
0111111111111111111111111111111111111111111111111111111111111111111111111111111111111111101110111010
0111111111111111111111111111111111111111111111111111111111111111111111111111111111111111001100110010
0111111111111111111111111111111111111111111111111111111111111111111111111111111111111110111011101110
0111111111111111111111111111111111111111111111111111111111111111111111111111111111111100110011001100
0111111111111111111111111111111111111111111111111111111111111111111111111111111111111011101110111010
0111111111111111111111111111111111111111111111111111111111111111111111111111111111110011001100110010
0111111111111111111111111111111111111111111111111111111111111111111111111111111111101110111011101110
0111111111111111111111111111111111111111111111111111111111111111111111111111111111001100110011001100
0111111111111111111111111111111111111111111111111111111111111111111111111111111110111011101110111010
0111111111111111111111111111111111111111111111111111111111111111111111111111111100110011001100110010
0111111111111111111111111111111111111111111111111111111111111111111111111111111011101110111011101110
0111111111111111111111111111111111111111111111111111111111111111111111111111110011001100110011001100
0111111111111111111111111111111111111111111111111111111111111111111111111111101110111011101110111010
0111111111111111111111111111111111111111111111111111111111111111111111111111001100110011001100110010
0111111111111111111111111111111111111111111111111111111111111111111111111110111011101110111011101110
0111111111111111111111111111111111111111111111111111111111111111111111111100110011001100110011001100
0111111111111111111111111111111111111111111111111111111111111111111111111011101110111011101110111010
0111111111111111111111111111111111111111111111111111111111111111111111110011001100110011001100110010
0111111111111111111111111111111111111111111111111111111111111111111111101110111011101110111011101110
0111111111111111111111111111111111111111111111111111111111111111111111001100110011001100110011001100
0111111111111111111111111111111111111111111111111111111111111111111110111011101110111011101110111010
0111111111111111111111111111111111111111111111111111111111111111111100110011001100110011001100110010
0111111111111111111111111111111111111111111111111111111111111111111011101110111011101110111011101110
0111111111111111111111111111111111111111111111111111111111111111110011001100110011001100110011001100
0111111111111111111111111111111111111111111111111111111111111111101110111011101110111011101110111010
0111111111111111111111111111111111111111111111111111111111111111001100110011001100110011001100110010
0111111111111111111111111111111111111111111111111111111111111110111011101110111011101110111011101110
0111111111111111111111111111111111111111111111111111111111111100110011001100110011001100110011001100
0111111111111111111111111111111111111111111111111111111111111011101110111011101110111011101110111010
0111111111111111111111111111111111111111111111111111111111110011001100110011001100110011001100110010
0111111111111111111111111111111111111111111111111111111111101110111011101110111011101110111011101110
0111111111111111111111111111111111111111111111111111111111001100110011001100110011001100110011001100
0111111111111111111111111111111111111111111111111111111110111011101110111011101110111011101110111010
0111111111111111111111111111111111111111111111111111111100110011001100110011001100110011001100110010
0111111111111111111111111111111111111111111111111111111011101110111011101110111011101110111011101110
0111111111111111111111111111111111111111111111111111110011001100110011001100110011001100110011001100
0111111111111111111111111111111111111111111111111111101110111011101110111011101110111011101110111010
0111111111111111111111111111111111111111111111111111001100110011001100110011001100110011001100110010
0111111111111111111111111111111111111111111111111110111011101110111011101110111011101110111011101110
0111111111111111111111111111111111111111111111111100110011001100110011001100110011001100110011001100
0111111111111111111111111111111111111111111111111011101110111011101110111011101110111011101110111010
0111111111111111111111111111111111111111111111110011001100110011001100110011001100110011001100110010
0111111111111111111111111111111111111111111111101110111011101110111011101110111011101110111011101110
0111111111111111111111111111111111111111111111001100110011001100110011001100110011001100110011001100
0111111111111111111111111111111111111111111110111011101110111011101110111011101110111011101110111010
0111111111111111111111111111111111111111111100110011001100110011001100110011001100110011001100110010
0111111111111111111111111111111111111111111011101110111011101110111011101110111011101110111011101110
0111111111111111111111111111111111111111110011001100110011001100110011001100110011001100110011001100
0111111111111111111111111111111111111111101110111011101110111011101110111011101110111011101110111010
0111111111111111111111111111111111111111001100110011001100110011001100110011001100110011001100110010
0111111111111111111111111111111111111110111011101110111011101110111011101110111011101110111011101110
0111111111111111111111111111111111111100110011001100110011001100110011001100110011001100110011001100
0111111111111111111111111111111111111011101110111011101110111011101110111011101110111011101110111010
0111111111111111111111111111111111110011001100110011001100110011001100110011001100110011001100110010
0111111111111111111111111111111111101110111011101110111011101110111011101110111011101110111011101110
0111111111111111111111111111111111001100110011001100110011001100110011001100110011001100110011001100
0111111111111111111111111111111110111011101110111011101110111011101110111011101110111011101110111010
0111111111111111111111111111111100110011001100110011001100110011001100110011001100110011001100110010
0111111111111111111111111111111011101110111011101110111011101110111011101110111011101110111011101110
0111111111111111111111111111110011001100110011001100110011001100110011001100110011001100110011001100
0111111111111111111111111111101110111011101110111011101110111011101110111011101110111011101110111010
0111111111111111111111111111001100110011001100110011001100110011001100110011001100110011001100110010
0111111111111111111111111110111011101110111011101110111011101110111011101110111011101110111011101110
0111111111111111111111111100110011001100110011001100110011001100110011001100110011001100110011001100
0111111111111111111111111011101110111011101110111011101110111011101110111011101110111011101110111010
0111111111111111111111110011001100110011001100110011001100110011001100110011001100110011001100110010
0111111111111111111111101110111011101110111011101110111011101110111011101110111011101110111011101110
0111111111111111111111001100110011001100110011001100110011001100110011001100110011001100110011001100
0111111111111111111110111011101110111011101110111011101110111011101110111011101110111011101110111010
0111111111111111111100110011001100110011001100110011001100110011001100110011001100110011001100110010
0111111111111111111011101110111011101110111011101110111011101110111011101110111011101110111011101110
0111111111111111110011001100110011001100110011001100110011001100110011001100110011001100110011001100
0111111111111111101110111011101110111011101110111011101110111011101110111011101110111011101110111010
0111111111111111001100110011001100110011001100110011001100110011001100110011001100110011001100110010
0111111111111110111011101110111011101110111011101110111011101110111011101110111011101110111011101110
0111111111111100110011001100110011001100110011001100110011001100110011001100110011001100110011001100
0111111111111011101110111011101110111011101110111011101110111011101110111011101110111011101110111010
0111111111110011001100110011001100110011001100110011001100110011001100110011001100110011001100110010
0111111111101110111011101110111011101110111011101110111011101110111011101110111011101110111011101110
0111111111001100110011001100110011001100110011001100110011001100110011001100110011001100110011001100
0111111110111011101110111011101110111011101110111011101110111011101110111011101110111011101110111010
0111111100110011001100110011001100110011001100110011001100110011001100110011001100110011001100110010
0111111011101110111011101110111011101110111011101110111011101110111011101110111011101110111011101110
0111110011001100110011001100110011001100110011001100110011001100110011001100110011001100110011001100
0111101110111011101110111011101110111011101110111011101110111011101110111011101110111011101110111010
0111001100110011001100110011001100110011001100110011001100110011001100110011001100110011001100110010
0110111011101110111011101110111011101110111011101110111011101110111011101110111011101110111011101110
0100110011001100110011001100110011001100110011001100110011001100110011001100110011001100110011001100
0111101110111011101110111011101110111011101110111011101110111011101110111011101110111011101110111010
