0000000000000000000000000000000000000000000000000010000000000000000000000000000000000000000000000000
0000000000000000000000000000000000000000000000000111000000000000000000000000000000000000000000000000
0000000000000000000000000000000000000000000000001000100000000000000000000000000000000000000000000000
0000000000000000000000000000000000000000000000011101110000000000000000000000000000000000000000000000
0000000000000000000000000000000000000000000000100000001000000000000000000000000000000000000000000000
0000000000000000000000000000000000000000000001110000011100000000000000000000000000000000000000000000
0000000000000000000000000000000000000000000010001000100010000000000000000000000000000000000000000000
0000000000000000000000000000000000000000000111011101110111000000000000000000000000000000000000000000
0000000000000000000000000000000000000000001000000000000000100000000000000000000000000000000000000000
0000000000000000000000000000000000000000011100000000000001110000000000000000000000000000000000000000
0000000000000000000000000000000000000000100010000000000010001000000000000000000000000000000000000000
0000000000000000000000000000000000000001110111000000000111011100000000000000000000000000000000000000
0000000000000000000000000000000000000010000000100000001000000010000000000000000000000000000000000000
0000000000000000000000000000000000000111000001110000011100000111000000000000000000000000000000000000
0000000000000000000000000000000000001000100010001000100010001000100000000000000000000000000000000000
0000000000000000000000000000000000011101110111011101110111011101110000000000000000000000000000000000
0000000000000000000000000000000000100000000000000000000000000000001000000000000000000000000000000000
0000000000000000000000000000000001110000000000000000000000000000011100000000000000000000000000000000
0000000000000000000000000000000010001000000000000000000000000000100010000000000000000000000000000000
0000000000000000000000000000000111011100000000000000000000000001110111000000000000000000000000000000
0000000000000000000000000000001000000010000000000000000000000010000000100000000000000000000000000000
0000000000000000000000000000011100000111000000000000000000000111000001110000000000000000000000000000
0000000000000000000000000000100010001000100000000000000000001000100010001000000000000000000000000000
0000000000000000000000000001110111011101110000000000000000011101110111011100000000000000000000000000
0000000000000000000000000010000000000000001000000000000000100000000000000010000000000000000000000000
0000000000000000000000000111000000000000011100000000000001110000000000000111000000000000000000000000
0000000000000000000000001000100000000000100010000000000010001000000000001000100000000000000000000000
0000000000000000000000011101110000000001110111000000000111011100000000011101110000000000000000000000
0000000000000000000000100000001000000010000000100000001000000010000000100000001000000000000000000000
0000000000000000000001110000011100000111000001110000011100000111000001110000011100000000000000000000
0000000000000000000010001000100010001000100010001000100010001000100010001000100010000000000000000000
0000000000000000000111011101110111011101110111011101110111011101110111011101110111000000000000000000
0000000000000000001000000000000000000000000000000000000000000000000000000000000000100000000000000000
0000000000000000011100000000000000000000000000000000000000000000000000000000000001110000000000000000
0000000000000000100010000000000000000000000000000000000000000000000000000000000010001000000000000000
0000000000000001110111000000000000000000000000000000000000000000000000000000000111011100000000000000
0000000000000010000000100000000000000000000000000000000000000000000000000000001000000010000000000000
0000000000000111000001110000000000000000000000000000000000000000000000000000011100000111000000000000
0000000000001000100010001000000000000000000000000000000000000000000000000000100010001000100000000000
0000000000011101110111011100000000000000000000000000000000000000000000000001110111011101110000000000
0000000000100000000000000010000000000000000000000000000000000000000000000010000000000000001000000000
0000000001110000000000000111000000000000000000000000000000000000000000000111000000000000011100000000
0000000010001000000000001000100000000000000000000000000000000000000000001000100000000000100010000000
0000000111011100000000011101110000000000000000000000000000000000000000011101110000000001110111000000
0000001000000010000000100000001000000000000000000000000000000000000000100000001000000010000000100000
0000011100000111000001110000011100000000000000000000000000000000000001110000011100000111000001110000
0000100010001000100010001000100010000000000000000000000000000000000010001000100010001000100010001000
0001110111011101110111011101110111000000000000000000000000000000000111011101110111011101110111011100
0010000000000000000000000000000000100000000000000000000000000000001000000000000000000000000000000010
0111000000000000000000000000000001110000000000000000000000000000011100000000000000000000000000000110
0000100000000000000000000000000010001000000000000000000000000000100010000000000000000000000000001000
0001110000000000000000000000000111011100000000000000000000000001110111000000000000000000000000011100
0010001000000000000000000000001000000010000000000000000000000010000000100000000000000000000000100010
0111011100000000000000000000011100000111000000000000000000000111000001110000000000000000000001110110
0000000010000000000000000000100010001000100000000000000000001000100010001000000000000000000010000000
0000000111000000000000000001110111011101110000000000000000011101110111011100000000000000000111000000
0000001000100000000000000010000000000000001000000000000000100000000000000010000000000000001000100000
0000011101110000000000000111000000000000011100000000000001110000000000000111000000000000011101110000
0000100000001000000000001000100000000000100010000000000010001000000000001000100000000000100000001000
0001110000011100000000011101110000000001110111000000000111011100000000011101110000000001110000011100
0010001000100010000000100000001000000010000000100000001000000010000000100000001000000010001000100010
0111011101110111000001110000011100000111000001110000011100000111000001110000011100000111011101110110
0000000000000000100010001000100010001000100010001000100010001000100010001000100010001000000000000000
0000000000000001110111011101110111011101110111011101110111011101110111011101110111011100000000000000
0000000000000010000000000000000000000000000000000000000000000000000000000000000000000010000000000000
0000000000000111000000000000000000000000000000000000000000000000000000000000000000000111000000000000
0000000000001000100000000000000000000000000000000000000000000000000000000000000000001000100000000000
0000000000011101110000000000000000000000000000000000000000000000000000000000000000011101110000000000
0000000000100000001000000000000000000000000000000000000000000000000000000000000000100000001000000000
0000000001110000011100000000000000000000000000000000000000000000000000000000000001110000011100000000
0000000010001000100010000000000000000000000000000000000000000000000000000000000010001000100010000000
0000000111011101110111000000000000000000000000000000000000000000000000000000000111011101110111000000
0000001000000000000000100000000000000000000000000000000000000000000000000000001000000000000000100000
0000011100000000000001110000000000000000000000000000000000000000000000000000011100000000000001110000
0000100010000000000010001000000000000000000000000000000000000000000000000000100010000000000010001000
0001110111000000000111011100000000000000000000000000000000000000000000000001110111000000000111011100
0010000000100000001000000010000000000000000000000000000000000000000000000010000000100000001000000010
0111000001110000011100000111000000000000000000000000000000000000000000000111000001110000011100000110
0000100010001000100010001000100000000000000000000000000000000000000000001000100010001000100010001000
0001110111011101110111011101110000000000000000000000000000000000000000011101110111011101110111011100
0010000000000000000000000000001000000000000000000000000000000000000000100000000000000000000000000010
0111000000000000000000000000011100000000000000000000000000000000000001110000000000000000000000000110
0000100000000000000000000000100010000000000000000000000000000000000010001000000000000000000000001000
0001110000000000000000000001110111000000000000000000000000000000000111011100000000000000000000011100
0010001000000000000000000010000000100000000000000000000000000000001000000010000000000000000000100010
0111011100000000000000000111000001110000000000000000000000000000011100000111000000000000000001110110
0000000010000000000000001000100010001000000000000000000000000000100010001000100000000000000010000000
0000000111000000000000011101110111011100000000000000000000000001110111011101110000000000000111000000
0000001000100000000000100000000000000010000000000000000000000010000000000000001000000000001000100000
0000011101110000000001110000000000000111000000000000000000000111000000000000011100000000011101110000
0000100000001000000010001000000000001000100000000000000000001000100000000000100010000000100000001000
0001110000011100000111011100000000011101110000000000000000011101110000000001110111000001110000011100
0010001000100010001000000010000000100000001000000000000000100000001000000010000000100010001000100010
0111011101110111011100000111000001110000011100000000000001110000011100000111000001110111011101110110
0000000000000000000010001000100010001000100010000000000010001000100010001000100010000000000000000000
0000000000000000000111011101110111011101110111000000000111011101110111011101110111000000000000000000
0000000000000000001000000000000000000000000000100000001000000000000000000000000000100000000000000000
0000000000000000011100000000000000000000000001110000011100000000000000000000000001110000000000000000
0000000000000000100010000000000000000000000010001000100010000000000000000000000010001000000000000000
0000000000000001110111000000000000000000000111011101110111000000000000000000000111011100000000000000
