0000000000000000000000000000000000000000000000000010000000000000000000000000000000000000000000000000
0111111111111111111111111111111111111111111111111000111111111111111111111111111111111111111111111110
0111111111111111111111111111111111111111111111110010111111111111111111111111111111111111111111111100
0111111111111111111111111111111111111111111111100001111111111111111111111111111111111111111111111000
0111111111111111111111111111111111111111111111001101111111111111111111111111111111111111111111110010
0111111111111111111111111111111111111111111110001011111111111111111111111111111111111111111111100000
0111111111111111111111111111111111111111111100100111111111111111111111111111111111111111111111001110
0111111111111111111111111111111111111111111000000111111111111111111111111111111111111111111110001100
0111111111111111111111111111111111111111110011110111111111111111111111111111111111111111111100101000
0111111111111111111111111111111111111111100011101111111111111111111111111111111111111111111000010010
0111111111111111111111111111111111111111001011011111111111111111111111111111111111111111110011000000
0111111111111111111111111111111111111110000110111111111111111111111111111111111111111111100010011110
0111111111111111111111111111111111111100110101111111111111111111111111111111111111111111001000011100
0111111111111111111111111111111111111000101011111111111111111111111111111111111111111110000011011000
0111111111111111111111111111111111110010010111111111111111111111111111111111111111111100111010110010
0111111111111111111111111111111111100000001111111111111111111111111111111111111111111000110101100000
0111111111111111111111111111111111001111101111111111111111111111111111111111111111110010101011001110
0111111111111111111111111111111110001111011111111111111111111111111111111111111111100001010110001100
0111111111111111111111111111111100101110111111111111111111111111111111111111111111001100101100101000
0111111111111111111111111111111000011101111111111111111111111111111111111111111110001000011000010010
0111111111111111111111111111110011011011111111111111111111111111111111111111111100100011010011000000
0111111111111111111111111111100010110111111111111111111111111111111111111111111000001010100010011110
0111111111111111111111111111001001101111111111111111111111111111111111111111110011100101001000011100
0111111111111111111111111110000001011111111111111111111111111111111111111111100011000010000011011000
0111111111111111111111111100111100111111111111111111111111111111111111111111001010011000111010110010
0111111111111111111111111000111000111111111111111111111111111111111111111110000100010010110101100000
0111111111111111111111110010110010111111111111111111111111111111111111111100110001000001101011001110
0111111111111111111111100001100001111111111111111111111111111111111111111000100100011101010110001100
0111111111111111111111001101001101111111111111111111111111111111111111110010000001011010101100101000
0111111111111111111110001010001011111111111111111111111111111111111111100000111100110101011000010010
0111111111111111111100100100100111111111111111111111111111111111111111001110111000101010110011000000
0111111111111111111000000000000111111111111111111111111111111111111110001101110010010101100010011110
0111111111111111110011111111110111111111111111111111111111111111111100101011100000001011001000011100
0111111111111111100011111111101111111111111111111111111111111111111000010111001111100110000011011000
0111111111111111001011111111011111111111111111111111111111111111110011001110001111000100111010110010
0111111111111110000111111110111111111111111111111111111111111111100010001100101110010000110101100000
0111111111111100110111111101111111111111111111111111111111111111001000101000011100000110101011001110
0111111111111000101111111011111111111111111111111111111111111110000010010011011001110101010110001100
0111111111110010011111110111111111111111111111111111111111111100111000000010110001101010101100101000
0111111111100000011111101111111111111111111111111111111111111000110011111001100101010101011000010010
0111111111001111011111011111111111111111111111111111111111110010100011110001000010101010110011000000
0111111110001110111110111111111111111111111111111111111111100001001011100100011001010101100010011110
0111111100101101111101111111111111111111111111111111111111001100000111000001010000101011001000011100
0111111000011011111011111111111111111111111111111111111110001001110110011100100110010110000011011000
0111110011010111110111111111111111111111111111111111111100100001101100011000000100001100111010110010
0111100010101111101111111111111111111111111111111111111000001101011001010011110001101000110101100000
0111001001011111011111111111111111111111111111111111110011101010110000100011100101010010101011001110
0110000000111110111111111111111111111111111111111111100011010101100110001011000010100001010110001100
0100111110111101111111111111111111111111111111111111001010101011000100100110011001001100101100101000
0000111101111011111111111111111111111111111111111110000101010110010000000100010000001000011000010010
0110111011110111111111111111111111111111111111111100110010101100000111110001000111100011010011000000
0101110111101111111111111111111111111111111111111000100001011001110111100100010111001010100010011110
0011101111011111111111111111111111111111111111110010001100110001101111000001001110000101001000011100
0011011110111111111111111111111111111111111111100000101000100101011110011100001100110010000011011000
0010111101111111111111111111111111111111111111001110010010000010111100011001101000100000111010110010
0001111011111111111111111111111111111111111110001100000000111001111001010001010010001110110101100000
0101110111111111111111111111111111111111111100101001111110110001110000100100100000101101101011001110
0011101111111111111111111111111111111111111000010001111101100101100110000000001110011011010110001100
0011011111111111111111111111111111111111110011000101111011000011000100111111101100010110101100101000
0010111111111111111111111111111111111111100010010011110110011010010000111111011001001101011000010010
0001111111111111111111111111111111111111001000000011101100010100000110111110110000001010110011000000
0101111111111111111111111111111111111110000011111011011001001001110101111101100111100101100010011110
0011111111111111111111111111111111111100111011110110110000000001101011111011000111000011001000011100
0011111111111111111111111111111111111000110111101101100111111101010111110110010110011010000011011000
0011111111111111111111111111111111110010101111011011000111111010101111101100001100010100111010110010
0011111111111111111111111111111111100001011110110110010111110101011111011001101001001000110101100000
0011111111111111111111111111111111001100111101101100001111101010111110110001010000000010101011001110
0011111111111111111111111111111110001000111011011001101111010101111101100100100111111001010110001100
0011111111111111111111111111111100100010110110110001011110101011111011000000000111110000101100101000
0011111111111111111111111111111000001001101101100100111101010111110110011111110111100110011000010010
0011111111111111111111111111110011100001011011000000111010101111101100011111101111000100010011000000
0011111111111111111111111111100011001100110110011110110101011111011001011111011110010001000010011110
0011111111111111111111111111001010001000101100011101101010111110110000111110111100000100011000011100
0011111111111111111111111110000100100010011001011011010101111101100110111101111001110001010011011000
0011111111111111111111111100110000001000010000110110101011111011000101111011110001100100100010110010
0011111111111111111111111000100111100011000110101101010111110110010011110111100101000000001001100000
0011111111111111111111110010000111001010010101011010101111101100000011101111000010011111100001001110
0011111111111111111111100000110110000100001010110101011111011001111011011110011000011111001100001100
0011111111111111111111001110101100110001100101101010111110110001110110111100010011011110001001101000
0011111111111111111110001101011000100101000011010101111101100101101101111001000010111100100001010010
0011111111111111111100101010110010000010011010101011111011000011011011110000011001111000001100100000
0011111111111111111000010101100000111000010101010111110110011010110111100111010001110011101000001110
0011111111111111110011001011001110110011001010101111101100010101101111000110100101100011010011101100
0011111111111111100010000110001101100010000101011111011001001011011110010101000011001010100011011000
0011111111111111001000110100101011001000110010111110110000000110111100001010011010000101001010110010
0011111111111110000010101000010110000010100001111101100111110101111001100100010100110010000101100000
0011111111111100111001010011001100111001001101111011000111101011110001000001001000100000110011001110
0011111111111000110000100010001000110000001011110110010111010111100100011100000010001110100010001100
0011111111110010100110001000100010100111100111101100001110101111000001011001111000101101001000101000
0011111111100001000100100010001001000111000111011001101101011110011100110001110010011010000010010010
0011111111001100010000001000100000010110010110110001011010111100011000100101100000010100111000000000
0011111110001001000111100010001111001100001101100100110101111001010010000011001111001000110011111110
0011111100100000010111001000101110001001101011000000101011110000100000111010001110000010100011111100
0011111000001111001110000010011100100001010110011110010111100110001110110100101100111001001011111000
0011110011101110001100111000011000001100101100011100001111000100101101101000011000110000000111110010
0011100011011100101000110011010011101000011001011001101110010000011011010011010010100111110111100000
0011001010111000010010100010100011010011010000110001011100000111010110100010100001000111101111001110
0010000101110011000001001001001010100010100110100100111001110110101101001001001100010111011110001100
0000110011100010011100000000000101001001000101000000110001101101011010000000001001001110111100101000
0110100011001000011001111111110010000000010010011110100101011010110100111111100000001101111000010010
