0000000000000000000000000000000000000000000000000010000000000000000000000000000000000000000000000000
0111111111111111111111111111111111111111111111111001111111111111111111111111111111111111111111111110
0111111111111111111111111111111111111111111111110101111111111111111111111111111111111111111111111100
0111111111111111111111111111111111111111111111101011111111111111111111111111111111111111111111111010
0111111111111111111111111111111111111111111111010111111111111111111111111111111111111111111111110100
0111111111111111111111111111111111111111111110101111111111111111111111111111111111111111111111101010
0111111111111111111111111111111111111111111101011111111111111111111111111111111111111111111111010100
0111111111111111111111111111111111111111111010111111111111111111111111111111111111111111111110101010
0111111111111111111111111111111111111111110101111111111111111111111111111111111111111111111101010100
0111111111111111111111111111111111111111101011111111111111111111111111111111111111111111111010101010
0111111111111111111111111111111111111111010111111111111111111111111111111111111111111111110101010100
0111111111111111111111111111111111111110101111111111111111111111111111111111111111111111101010101010
0111111111111111111111111111111111111101011111111111111111111111111111111111111111111111010101010100
0111111111111111111111111111111111111010111111111111111111111111111111111111111111111110101010101010
0111111111111111111111111111111111110101111111111111111111111111111111111111111111111101010101010100
0111111111111111111111111111111111101011111111111111111111111111111111111111111111111010101010101010
0111111111111111111111111111111111010111111111111111111111111111111111111111111111110101010101010100
0111111111111111111111111111111110101111111111111111111111111111111111111111111111101010101010101010
0111111111111111111111111111111101011111111111111111111111111111111111111111111111010101010101010100
0111111111111111111111111111111010111111111111111111111111111111111111111111111110101010101010101010
0111111111111111111111111111110101111111111111111111111111111111111111111111111101010101010101010100
0111111111111111111111111111101011111111111111111111111111111111111111111111111010101010101010101010
0111111111111111111111111111010111111111111111111111111111111111111111111111110101010101010101010100
0111111111111111111111111110101111111111111111111111111111111111111111111111101010101010101010101010
0111111111111111111111111101011111111111111111111111111111111111111111111111010101010101010101010100
0111111111111111111111111010111111111111111111111111111111111111111111111110101010101010101010101010
0111111111111111111111110101111111111111111111111111111111111111111111111101010101010101010101010100
0111111111111111111111101011111111111111111111111111111111111111111111111010101010101010101010101010
0111111111111111111111010111111111111111111111111111111111111111111111110101010101010101010101010100
0111111111111111111110101111111111111111111111111111111111111111111111101010101010101010101010101010
0111111111111111111101011111111111111111111111111111111111111111111111010101010101010101010101010100
0111111111111111111010111111111111111111111111111111111111111111111110101010101010101010101010101010
0111111111111111110101111111111111111111111111111111111111111111111101010101010101010101010101010100
0111111111111111101011111111111111111111111111111111111111111111111010101010101010101010101010101010
0111111111111111010111111111111111111111111111111111111111111111110101010101010101010101010101010100
0111111111111110101111111111111111111111111111111111111111111111101010101010101010101010101010101010
0111111111111101011111111111111111111111111111111111111111111111010101010101010101010101010101010100
0111111111111010111111111111111111111111111111111111111111111110101010101010101010101010101010101010
0111111111110101111111111111111111111111111111111111111111111101010101010101010101010101010101010100
0111111111101011111111111111111111111111111111111111111111111010101010101010101010101010101010101010
0111111111010111111111111111111111111111111111111111111111110101010101010101010101010101010101010100
0111111110101111111111111111111111111111111111111111111111101010101010101010101010101010101010101010
0111111101011111111111111111111111111111111111111111111111010101010101010101010101010101010101010100
0111111010111111111111111111111111111111111111111111111110101010101010101010101010101010101010101010
0111110101111111111111111111111111111111111111111111111101010101010101010101010101010101010101010100
0111101011111111111111111111111111111111111111111111111010101010101010101010101010101010101010101010
0111010111111111111111111111111111111111111111111111110101010101010101010101010101010101010101010100
0110101111111111111111111111111111111111111111111111101010101010101010101010101010101010101010101010
0101011111111111111111111111111111111111111111111111010101010101010101010101010101010101010101010100
0010111111111111111111111111111111111111111111111110101010101010101010101010101010101010101010101010
0001111111111111111111111111111111111111111111111101010101010101010101010101010101010101010101010100
0101111111111111111111111111111111111111111111111010101010101010101010101010101010101010101010101010
0011111111111111111111111111111111111111111111110101010101010101010101010101010101010101010101010100
0011111111111111111111111111111111111111111111101010101010101010101010101010101010101010101010101010
0011111111111111111111111111111111111111111111010101010101010101010101010101010101010101010101010100
0011111111111111111111111111111111111111111110101010101010101010101010101010101010101010101010101010
0011111111111111111111111111111111111111111101010101010101010101010101010101010101010101010101010100
0011111111111111111111111111111111111111111010101010101010101010101010101010101010101010101010101010
0011111111111111111111111111111111111111110101010101010101010101010101010101010101010101010101010100
0011111111111111111111111111111111111111101010101010101010101010101010101010101010101010101010101010
0011111111111111111111111111111111111111010101010101010101010101010101010101010101010101010101010100
0011111111111111111111111111111111111110101010101010101010101010101010101010101010101010101010101010
0011111111111111111111111111111111111101010101010101010101010101010101010101010101010101010101010100
0011111111111111111111111111111111111010101010101010101010101010101010101010101010101010101010101010
0011111111111111111111111111111111110101010101010101010101010101010101010101010101010101010101010100
0011111111111111111111111111111111101010101010101010101010101010101010101010101010101010101010101010
0011111111111111111111111111111111010101010101010101010101010101010101010101010101010101010101010100
0011111111111111111111111111111110101010101010101010101010101010101010101010101010101010101010101010
0011111111111111111111111111111101010101010101010101010101010101010101010101010101010101010101010100
0011111111111111111111111111111010101010101010101010101010101010101010101010101010101010101010101010
0011111111111111111111111111110101010101010101010101010101010101010101010101010101010101010101010100
0011111111111111111111111111101010101010101010101010101010101010101010101010101010101010101010101010
0011111111111111111111111111010101010101010101010101010101010101010101010101010101010101010101010100
0011111111111111111111111110101010101010101010101010101010101010101010101010101010101010101010101010
0011111111111111111111111101010101010101010101010101010101010101010101010101010101010101010101010100
0011111111111111111111111010101010101010101010101010101010101010101010101010101010101010101010101010
0011111111111111111111110101010101010101010101010101010101010101010101010101010101010101010101010100
0011111111111111111111101010101010101010101010101010101010101010101010101010101010101010101010101010
0011111111111111111111010101010101010101010101010101010101010101010101010101010101010101010101010100
0011111111111111111110101010101010101010101010101010101010101010101010101010101010101010101010101010
0011111111111111111101010101010101010101010101010101010101010101010101010101010101010101010101010100
0011111111111111111010101010101010101010101010101010101010101010101010101010101010101010101010101010
0011111111111111110101010101010101010101010101010101010101010101010101010101010101010101010101010100
0011111111111111101010101010101010101010101010101010101010101010101010101010101010101010101010101010
0011111111111111010101010101010101010101010101010101010101010101010101010101010101010101010101010100
0011111111111110101010101010101010101010101010101010101010101010101010101010101010101010101010101010
0011111111111101010101010101010101010101010101010101010101010101010101010101010101010101010101010100
0011111111111010101010101010101010101010101010101010101010101010101010101010101010101010101010101010
0011111111110101010101010101010101010101010101010101010101010101010101010101010101010101010101010100
0011111111101010101010101010101010101010101010101010101010101010101010101010101010101010101010101010
0011111111010101010101010101010101010101010101010101010101010101010101010101010101010101010101010100
0011111110101010101010101010101010101010101010101010101010101010101010101010101010101010101010101010
0011111101010101010101010101010101010101010101010101010101010101010101010101010101010101010101010100
0011111010101010101010101010101010101010101010101010101010101010101010101010101010101010101010101010
0011110101010101010101010101010101010101010101010101010101010101010101010101010101010101010101010100
0011101010101010101010101010101010101010101010101010101010101010101010101010101010101010101010101010
0011010101010101010101010101010101010101010101010101010101010101010101010101010101010101010101010100
0010101010101010101010101010101010101010101010101010101010101010101010101010101010101010101010101010
0001010101010101010101010101010101010101010101010101010101010101010101010101010101010101010101010100
0100101010101010101010101010101010101010101010101010101010101010101010101010101010101010101010101010
