0000000000000000000000000000000000000000000000000010000000000000000000000000000000000000000000000000
0111111111111111111111111111111111111111111111111010111111111111111111111111111111111111111111111110
0111111111111111111111111111111111111111111111110111111111111111111111111111111111111111111111111100
0111111111111111111111111111111111111111111111101111111111111111111111111111111111111111111111111000
0111111111111111111111111111111111111111111111011111111111111111111111111111111111111111111111110010
0111111111111111111111111111111111111111111110111111111111111111111111111111111111111111111111100010
0111111111111111111111111111111111111111111101111111111111111111111111111111111111111111111111001010
0111111111111111111111111111111111111111111011111111111111111111111111111111111111111111111110001110
0111111111111111111111111111111111111111110111111111111111111111111111111111111111111111111100101100
0111111111111111111111111111111111111111101111111111111111111111111111111111111111111111111000111000
0111111111111111111111111111111111111111011111111111111111111111111111111111111111111111110010110010
0111111111111111111111111111111111111110111111111111111111111111111111111111111111111111100011100010
0111111111111111111111111111111111111101111111111111111111111111111111111111111111111111001011001010
0111111111111111111111111111111111111011111111111111111111111111111111111111111111111110001110001110
0111111111111111111111111111111111110111111111111111111111111111111111111111111111111100101100101100
0111111111111111111111111111111111101111111111111111111111111111111111111111111111111000111000111000
0111111111111111111111111111111111011111111111111111111111111111111111111111111111110010110010110010
0111111111111111111111111111111110111111111111111111111111111111111111111111111111100011100011100010
0111111111111111111111111111111101111111111111111111111111111111111111111111111111001011001011001010
0111111111111111111111111111111011111111111111111111111111111111111111111111111110001110001110001110
0111111111111111111111111111110111111111111111111111111111111111111111111111111100101100101100101100
0111111111111111111111111111101111111111111111111111111111111111111111111111111000111000111000111000
0111111111111111111111111111011111111111111111111111111111111111111111111111110010110010110010110010
0111111111111111111111111110111111111111111111111111111111111111111111111111100011100011100011100010
0111111111111111111111111101111111111111111111111111111111111111111111111111001011001011001011001010
0111111111111111111111111011111111111111111111111111111111111111111111111110001110001110001110001110
0111111111111111111111110111111111111111111111111111111111111111111111111100101100101100101100101100
0111111111111111111111101111111111111111111111111111111111111111111111111000111000111000111000111000
0111111111111111111111011111111111111111111111111111111111111111111111110010110010110010110010110010
0111111111111111111110111111111111111111111111111111111111111111111111100011100011100011100011100010
0111111111111111111101111111111111111111111111111111111111111111111111001011001011001011001011001010
0111111111111111111011111111111111111111111111111111111111111111111110001110001110001110001110001110
0111111111111111110111111111111111111111111111111111111111111111111100101100101100101100101100101100
0111111111111111101111111111111111111111111111111111111111111111111000111000111000111000111000111000
0111111111111111011111111111111111111111111111111111111111111111110010110010110010110010110010110010
0111111111111110111111111111111111111111111111111111111111111111100011100011100011100011100011100010
0111111111111101111111111111111111111111111111111111111111111111001011001011001011001011001011001010
0111111111111011111111111111111111111111111111111111111111111110001110001110001110001110001110001110
0111111111110111111111111111111111111111111111111111111111111100101100101100101100101100101100101100
0111111111101111111111111111111111111111111111111111111111111000111000111000111000111000111000111000
0111111111011111111111111111111111111111111111111111111111110010110010110010110010110010110010110010
0111111110111111111111111111111111111111111111111111111111100011100011100011100011100011100011100010
0111111101111111111111111111111111111111111111111111111111001011001011001011001011001011001011001010
0111111011111111111111111111111111111111111111111111111110001110001110001110001110001110001110001110
0111110111111111111111111111111111111111111111111111111100101100101100101100101100101100101100101100
0111101111111111111111111111111111111111111111111111111000111000111000111000111000111000111000111000
0111011111111111111111111111111111111111111111111111110010110010110010110010110010110010110010110010
0110111111111111111111111111111111111111111111111111100011100011100011100011100011100011100011100010
0101111111111111111111111111111111111111111111111111001011001011001011001011001011001011001011001010
0111111111111111111111111111111111111111111111111110001110001110001110001110001110001110001110001110
0111111111111111111111111111111111111111111111111100101100101100101100101100101100101100101100101100
0111111111111111111111111111111111111111111111111000111000111000111000111000111000111000111000111000
0111111111111111111111111111111111111111111111110010110010110010110010110010110010110010110010110010
0111111111111111111111111111111111111111111111100011100011100011100011100011100011100011100011100010
0111111111111111111111111111111111111111111111001011001011001011001011001011001011001011001011001010
0111111111111111111111111111111111111111111110001110001110001110001110001110001110001110001110001110
0111111111111111111111111111111111111111111100101100101100101100101100101100101100101100101100101100
0111111111111111111111111111111111111111111000111000111000111000111000111000111000111000111000111000
0111111111111111111111111111111111111111110010110010110010110010110010110010110010110010110010110010
0111111111111111111111111111111111111111100011100011100011100011100011100011100011100011100011100010
0111111111111111111111111111111111111111001011001011001011001011001011001011001011001011001011001010
0111111111111111111111111111111111111110001110001110001110001110001110001110001110001110001110001110
0111111111111111111111111111111111111100101100101100101100101100101100101100101100101100101100101100
0111111111111111111111111111111111111000111000111000111000111000111000111000111000111000111000111000
0111111111111111111111111111111111110010110010110010110010110010110010110010110010110010110010110010
0111111111111111111111111111111111100011100011100011100011100011100011100011100011100011100011100010
0111111111111111111111111111111111001011001011001011001011001011001011001011001011001011001011001010
0111111111111111111111111111111110001110001110001110001110001110001110001110001110001110001110001110
0111111111111111111111111111111100101100101100101100101100101100101100101100101100101100101100101100
0111111111111111111111111111111000111000111000111000111000111000111000111000111000111000111000111000
0111111111111111111111111111110010110010110010110010110010110010110010110010110010110010110010110010
0111111111111111111111111111100011100011100011100011100011100011100011100011100011100011100011100010
0111111111111111111111111111001011001011001011001011001011001011001011001011001011001011001011001010
0111111111111111111111111110001110001110001110001110001110001110001110001110001110001110001110001110
0111111111111111111111111100101100101100101100101100101100101100101100101100101100101100101100101100
0111111111111111111111111000111000111000111000111000111000111000111000111000111000111000111000111000
0111111111111111111111110010110010110010110010110010110010110010110010110010110010110010110010110010
0111111111111111111111100011100011100011100011100011100011100011100011100011100011100011100011100010
0111111111111111111111001011001011001011001011001011001011001011001011001011001011001011001011001010
0111111111111111111110001110001110001110001110001110001110001110001110001110001110001110001110001110
0111111111111111111100101100101100101100101100101100101100101100101100101100101100101100101100101100
0111111111111111111000111000111000111000111000111000111000111000111000111000111000111000111000111000
0111111111111111110010110010110010110010110010110010110010110010110010110010110010110010110010110010
0111111111111111100011100011100011100011100011100011100011100011100011100011100011100011100011100010
0111111111111111001011001011001011001011001011001011001011001011001011001011001011001011001011001010
0111111111111110001110001110001110001110001110001110001110001110001110001110001110001110001110001110
0111111111111100101100101100101100101100101100101100101100101100101100101100101100101100101100101100
0111111111111000111000111000111000111000111000111000111000111000111000111000111000111000111000111000
0111111111110010110010110010110010110010110010110010110010110010110010110010110010110010110010110010
0111111111100011100011100011100011100011100011100011100011100011100011100011100011100011100011100010
0111111111001011001011001011001011001011001011001011001011001011001011001011001011001011001011001010
0111111110001110001110001110001110001110001110001110001110001110001110001110001110001110001110001110
0111111100101100101100101100101100101100101100101100101100101100101100101100101100101100101100101100
0111111000111000111000111000111000111000111000111000111000111000111000111000111000111000111000111000
0111110010110010110010110010110010110010110010110010110010110010110010110010110010110010110010110010
0111100011100011100011100011100011100011100011100011100011100011100011100011100011100011100011100010
0111001011001011001011001011001011001011001011001011001011001011001011001011001011001011001011001010
0110001110001110001110001110001110001110001110001110001110001110001110001110001110001110001110001110
0100101100101100101100101100101100101100101100101100101100101100101100101100101100101100101100101100
0100111000111000111000111000111000111000111000111000111000111000111000111000111000111000111000111000
