0000000000000000000000000000000000000000000000000010000000000000000000000000000000000000000000000000
0000000000000000000000000000000000000000000000000011000000000000000000000000000000000000000000000000
0000000000000000000000000000000000000000000000000010100000000000000000000000000000000000000000000000
0000000000000000000000000000000000000000000000000011110000000000000000000000000000000000000000000000
0000000000000000000000000000000000000000000000000011101000000000000000000000000000000000000000000000
0000000000000000000000000000000000000000000000000011011100000000000000000000000000000000000000000000
0000000000000000000000000000000000000000000000000010111010000000000000000000000000000000000000000000
0000000000000000000000000000000000000000000000000011110111000000000000000000000000000000000000000000
0000000000000000000000000000000000000000000000000011101110100000000000000000000000000000000000000000
0000000000000000000000000000000000000000000000000011011101110000000000000000000000000000000000000000
0000000000000000000000000000000000000000000000000010111011101000000000000000000000000000000000000000
0000000000000000000000000000000000000000000000000011110111011100000000000000000000000000000000000000
0000000000000000000000000000000000000000000000000011101110111010000000000000000000000000000000000000
0000000000000000000000000000000000000000000000000011011101110111000000000000000000000000000000000000
0000000000000000000000000000000000000000000000000010111011101110100000000000000000000000000000000000
0000000000000000000000000000000000000000000000000011110111011101110000000000000000000000000000000000
0000000000000000000000000000000000000000000000000011101110111011101000000000000000000000000000000000
0000000000000000000000000000000000000000000000000011011101110111011100000000000000000000000000000000
0000000000000000000000000000000000000000000000000010111011101110111010000000000000000000000000000000
0000000000000000000000000000000000000000000000000011110111011101110111000000000000000000000000000000
0000000000000000000000000000000000000000000000000011101110111011101110100000000000000000000000000000
0000000000000000000000000000000000000000000000000011011101110111011101110000000000000000000000000000
0000000000000000000000000000000000000000000000000010111011101110111011101000000000000000000000000000
0000000000000000000000000000000000000000000000000011110111011101110111011100000000000000000000000000
0000000000000000000000000000000000000000000000000011101110111011101110111010000000000000000000000000
0000000000000000000000000000000000000000000000000011011101110111011101110111000000000000000000000000
0000000000000000000000000000000000000000000000000010111011101110111011101110100000000000000000000000
0000000000000000000000000000000000000000000000000011110111011101110111011101110000000000000000000000
0000000000000000000000000000000000000000000000000011101110111011101110111011101000000000000000000000
0000000000000000000000000000000000000000000000000011011101110111011101110111011100000000000000000000
0000000000000000000000000000000000000000000000000010111011101110111011101110111010000000000000000000
0000000000000000000000000000000000000000000000000011110111011101110111011101110111000000000000000000
0000000000000000000000000000000000000000000000000011101110111011101110111011101110100000000000000000
0000000000000000000000000000000000000000000000000011011101110111011101110111011101110000000000000000
0000000000000000000000000000000000000000000000000010111011101110111011101110111011101000000000000000
0000000000000000000000000000000000000000000000000011110111011101110111011101110111011100000000000000
0000000000000000000000000000000000000000000000000011101110111011101110111011101110111010000000000000
0000000000000000000000000000000000000000000000000011011101110111011101110111011101110111000000000000
0000000000000000000000000000000000000000000000000010111011101110111011101110111011101110100000000000
0000000000000000000000000000000000000000000000000011110111011101110111011101110111011101110000000000
0000000000000000000000000000000000000000000000000011101110111011101110111011101110111011101000000000
0000000000000000000000000000000000000000000000000011011101110111011101110111011101110111011100000000
0000000000000000000000000000000000000000000000000010111011101110111011101110111011101110111010000000
0000000000000000000000000000000000000000000000000011110111011101110111011101110111011101110111000000
0000000000000000000000000000000000000000000000000011101110111011101110111011101110111011101110100000
0000000000000000000000000000000000000000000000000011011101110111011101110111011101110111011101110000
0000000000000000000000000000000000000000000000000010111011101110111011101110111011101110111011101000
0000000000000000000000000000000000000000000000000011110111011101110111011101110111011101110111011100
0000000000000000000000000000000000000000000000000011101110111011101110111011101110111011101110111010
0000000000000000000000000000000000000000000000000011011101110111011101110111011101110111011101110110
0000000000000000000000000000000000000000000000000010111011101110111011101110111011101110111011101100
0000000000000000000000000000000000000000000000000011110111011101110111011101110111011101110111011010
0000000000000000000000000000000000000000000000000011101110111011101110111011101110111011101110110110
0000000000000000000000000000000000000000000000000011011101110111011101110111011101110111011101101100
0000000000000000000000000000000000000000000000000010111011101110111011101110111011101110111011011010
0000000000000000000000000000000000000000000000000011110111011101110111011101110111011101110110110110
0000000000000000000000000000000000000000000000000011101110111011101110111011101110111011101101101100
0000000000000000000000000000000000000000000000000011011101110111011101110111011101110111011011011010
0000000000000000000000000000000000000000000000000010111011101110111011101110111011101110110110110110
0000000000000000000000000000000000000000000000000011110111011101110111011101110111011101101101101100
0000000000000000000000000000000000000000000000000011101110111011101110111011101110111011011011011010
0000000000000000000000000000000000000000000000000011011101110111011101110111011101110110110110110110
0000000000000000000000000000000000000000000000000010111011101110111011101110111011101101101101101100
0000000000000000000000000000000000000000000000000011110111011101110111011101110111011011011011011010
0000000000000000000000000000000000000000000000000011101110111011101110111011101110110110110110110110
0000000000000000000000000000000000000000000000000011011101110111011101110111011101101101101101101100
0000000000000000000000000000000000000000000000000010111011101110111011101110111011011011011011011010
0000000000000000000000000000000000000000000000000011110111011101110111011101110110110110110110110110
0000000000000000000000000000000000000000000000000011101110111011101110111011101101101101101101101100
0000000000000000000000000000000000000000000000000011011101110111011101110111011011011011011011011010
0000000000000000000000000000000000000000000000000010111011101110111011101110110110110110110110110110
0000000000000000000000000000000000000000000000000011110111011101110111011101101101101101101101101100
0000000000000000000000000000000000000000000000000011101110111011101110111011011011011011011011011010
0000000000000000000000000000000000000000000000000011011101110111011101110110110110110110110110110110
0000000000000000000000000000000000000000000000000010111011101110111011101101101101101101101101101100
0000000000000000000000000000000000000000000000000011110111011101110111011011011011011011011011011010
0000000000000000000000000000000000000000000000000011101110111011101110110110110110110110110110110110
0000000000000000000000000000000000000000000000000011011101110111011101101101101101101101101101101100
0000000000000000000000000000000000000000000000000010111011101110111011011011011011011011011011011010
0000000000000000000000000000000000000000000000000011110111011101110110110110110110110110110110110110
0000000000000000000000000000000000000000000000000011101110111011101101101101101101101101101101101100
0000000000000000000000000000000000000000000000000011011101110111011011011011011011011011011011011010
0000000000000000000000000000000000000000000000000010111011101110110110110110110110110110110110110110
0000000000000000000000000000000000000000000000000011110111011101101101101101101101101101101101101100
0000000000000000000000000000000000000000000000000011101110111011011011011011011011011011011011011010
0000000000000000000000000000000000000000000000000011011101110110110110110110110110110110110110110110
0000000000000000000000000000000000000000000000000010111011101101101101101101101101101101101101101100
0000000000000000000000000000000000000000000000000011110111011011011011011011011011011011011011011010
0000000000000000000000000000000000000000000000000011101110110110110110110110110110110110110110110110
0000000000000000000000000000000000000000000000000011011101101101101101101101101101101101101101101100
0000000000000000000000000000000000000000000000000010111011011011011011011011011011011011011011011010
0000000000000000000000000000000000000000000000000011110110110110110110110110110110110110110110110110
0000000000000000000000000000000000000000000000000011101101101101101101101101101101101101101101101100
0000000000000000000000000000000000000000000000000011011011011011011011011011011011011011011011011010
0000000000000000000000000000000000000000000000000010110110110110110110110110110110110110110110110110
0000000000000000000000000000000000000000000000000011101101101101101101101101101101101101101101101100
0000000000000000000000000000000000000000000000000011011011011011011011011011011011011011011011011010
0000000000000000000000000000000000000000000000000010110110110110110110110110110110110110110110110110
0000000000000000000000000000000000000000000000000011101101101101101101101101101101101101101101101100
0000000000000000000000000000000000000000000000000011011011011011011011011011011011011011011011011010
