0000000000000000000000000000000000000000000000000010000000000000000000000000000000000000000000000000
0111111111111111111111111111111111111111111111111000111111111111111111111111111111111111111111111110
0111111111111111111111111111111111111111111111111010111111111111111111111111111111111111111111111110
0111111111111111111111111111111111111111111111111101111111111111111111111111111111111111111111111110
0111111111111111111111111111111111111111111111111111111111111111111111111111111111111111111111111110
0111111111111111111111111111111111111111111111111111111111111111111111111111111111111111111111111110
0111111111111111111111111111111111111111111111111111111111111111111111111111111111111111111111111110
0111111111111111111111111111111111111111111111111111111111111111111111111111111111111111111111111110
0111111111111111111111111111111111111111111111111111111111111111111111111111111111111111111111111110
0111111111111111111111111111111111111111111111111111111111111111111111111111111111111111111111111110
0111111111111111111111111111111111111111111111111111111111111111111111111111111111111111111111111110
0111111111111111111111111111111111111111111111111111111111111111111111111111111111111111111111111110
0111111111111111111111111111111111111111111111111111111111111111111111111111111111111111111111111110
0111111111111111111111111111111111111111111111111111111111111111111111111111111111111111111111111110
0111111111111111111111111111111111111111111111111111111111111111111111111111111111111111111111111110
0111111111111111111111111111111111111111111111111111111111111111111111111111111111111111111111111110
0111111111111111111111111111111111111111111111111111111111111111111111111111111111111111111111111110
0111111111111111111111111111111111111111111111111111111111111111111111111111111111111111111111111110
0111111111111111111111111111111111111111111111111111111111111111111111111111111111111111111111111110
0111111111111111111111111111111111111111111111111111111111111111111111111111111111111111111111111110
0111111111111111111111111111111111111111111111111111111111111111111111111111111111111111111111111110
0111111111111111111111111111111111111111111111111111111111111111111111111111111111111111111111111110
0111111111111111111111111111111111111111111111111111111111111111111111111111111111111111111111111110
0111111111111111111111111111111111111111111111111111111111111111111111111111111111111111111111111110
0111111111111111111111111111111111111111111111111111111111111111111111111111111111111111111111111110
0111111111111111111111111111111111111111111111111111111111111111111111111111111111111111111111111110
0111111111111111111111111111111111111111111111111111111111111111111111111111111111111111111111111110
0111111111111111111111111111111111111111111111111111111111111111111111111111111111111111111111111110
0111111111111111111111111111111111111111111111111111111111111111111111111111111111111111111111111110
0111111111111111111111111111111111111111111111111111111111111111111111111111111111111111111111111110
0111111111111111111111111111111111111111111111111111111111111111111111111111111111111111111111111110
0111111111111111111111111111111111111111111111111111111111111111111111111111111111111111111111111110
0111111111111111111111111111111111111111111111111111111111111111111111111111111111111111111111111110
0111111111111111111111111111111111111111111111111111111111111111111111111111111111111111111111111110
0111111111111111111111111111111111111111111111111111111111111111111111111111111111111111111111111110
0111111111111111111111111111111111111111111111111111111111111111111111111111111111111111111111111110
0111111111111111111111111111111111111111111111111111111111111111111111111111111111111111111111111110
0111111111111111111111111111111111111111111111111111111111111111111111111111111111111111111111111110
0111111111111111111111111111111111111111111111111111111111111111111111111111111111111111111111111110
0111111111111111111111111111111111111111111111111111111111111111111111111111111111111111111111111110
0111111111111111111111111111111111111111111111111111111111111111111111111111111111111111111111111110
0111111111111111111111111111111111111111111111111111111111111111111111111111111111111111111111111110
0111111111111111111111111111111111111111111111111111111111111111111111111111111111111111111111111110
0111111111111111111111111111111111111111111111111111111111111111111111111111111111111111111111111110
0111111111111111111111111111111111111111111111111111111111111111111111111111111111111111111111111110
0111111111111111111111111111111111111111111111111111111111111111111111111111111111111111111111111110
0111111111111111111111111111111111111111111111111111111111111111111111111111111111111111111111111110
0111111111111111111111111111111111111111111111111111111111111111111111111111111111111111111111111110
0111111111111111111111111111111111111111111111111111111111111111111111111111111111111111111111111110
0111111111111111111111111111111111111111111111111111111111111111111111111111111111111111111111111110
0111111111111111111111111111111111111111111111111111111111111111111111111111111111111111111111111110
0111111111111111111111111111111111111111111111111111111111111111111111111111111111111111111111111110
0111111111111111111111111111111111111111111111111111111111111111111111111111111111111111111111111110
0111111111111111111111111111111111111111111111111111111111111111111111111111111111111111111111111110
0111111111111111111111111111111111111111111111111111111111111111111111111111111111111111111111111110
0111111111111111111111111111111111111111111111111111111111111111111111111111111111111111111111111110
0111111111111111111111111111111111111111111111111111111111111111111111111111111111111111111111111110
0111111111111111111111111111111111111111111111111111111111111111111111111111111111111111111111111110
0111111111111111111111111111111111111111111111111111111111111111111111111111111111111111111111111110
0111111111111111111111111111111111111111111111111111111111111111111111111111111111111111111111111110
0111111111111111111111111111111111111111111111111111111111111111111111111111111111111111111111111110
0111111111111111111111111111111111111111111111111111111111111111111111111111111111111111111111111110
0111111111111111111111111111111111111111111111111111111111111111111111111111111111111111111111111110
0111111111111111111111111111111111111111111111111111111111111111111111111111111111111111111111111110
0111111111111111111111111111111111111111111111111111111111111111111111111111111111111111111111111110
0111111111111111111111111111111111111111111111111111111111111111111111111111111111111111111111111110
0111111111111111111111111111111111111111111111111111111111111111111111111111111111111111111111111110
0111111111111111111111111111111111111111111111111111111111111111111111111111111111111111111111111110
0111111111111111111111111111111111111111111111111111111111111111111111111111111111111111111111111110
0111111111111111111111111111111111111111111111111111111111111111111111111111111111111111111111111110
0111111111111111111111111111111111111111111111111111111111111111111111111111111111111111111111111110
0111111111111111111111111111111111111111111111111111111111111111111111111111111111111111111111111110
0111111111111111111111111111111111111111111111111111111111111111111111111111111111111111111111111110
0111111111111111111111111111111111111111111111111111111111111111111111111111111111111111111111111110
0111111111111111111111111111111111111111111111111111111111111111111111111111111111111111111111111110
0111111111111111111111111111111111111111111111111111111111111111111111111111111111111111111111111110
0111111111111111111111111111111111111111111111111111111111111111111111111111111111111111111111111110
0111111111111111111111111111111111111111111111111111111111111111111111111111111111111111111111111110
0111111111111111111111111111111111111111111111111111111111111111111111111111111111111111111111111110
0111111111111111111111111111111111111111111111111111111111111111111111111111111111111111111111111110
0111111111111111111111111111111111111111111111111111111111111111111111111111111111111111111111111110
0111111111111111111111111111111111111111111111111111111111111111111111111111111111111111111111111110
0111111111111111111111111111111111111111111111111111111111111111111111111111111111111111111111111110
0111111111111111111111111111111111111111111111111111111111111111111111111111111111111111111111111110
0111111111111111111111111111111111111111111111111111111111111111111111111111111111111111111111111110
0111111111111111111111111111111111111111111111111111111111111111111111111111111111111111111111111110
0111111111111111111111111111111111111111111111111111111111111111111111111111111111111111111111111110
0111111111111111111111111111111111111111111111111111111111111111111111111111111111111111111111111110
0111111111111111111111111111111111111111111111111111111111111111111111111111111111111111111111111110
0111111111111111111111111111111111111111111111111111111111111111111111111111111111111111111111111110
0111111111111111111111111111111111111111111111111111111111111111111111111111111111111111111111111110
0111111111111111111111111111111111111111111111111111111111111111111111111111111111111111111111111110
0111111111111111111111111111111111111111111111111111111111111111111111111111111111111111111111111110
0111111111111111111111111111111111111111111111111111111111111111111111111111111111111111111111111110
0111111111111111111111111111111111111111111111111111111111111111111111111111111111111111111111111110
0111111111111111111111111111111111111111111111111111111111111111111111111111111111111111111111111110
0111111111111111111111111111111111111111111111111111111111111111111111111111111111111111111111111110
0111111111111111111111111111111111111111111111111111111111111111111111111111111111111111111111111110
0111111111111111111111111111111111111111111111111111111111111111111111111111111111111111111111111110
0111111111111111111111111111111111111111111111111111111111111111111111111111111111111111111111111110
