0000000000000000000000000000000000000000000000000010000000000000000000000000000000000000000000000000
0111111111111111111111111111111111111111111111111100111111111111111111111111111111111111111111111110
0111111111111111111111111111111111111111111111111001111111111111111111111111111111111111111111111100
0111111111111111111111111111111111111111111111110011111111111111111111111111111111111111111111111000
0111111111111111111111111111111111111111111111100111111111111111111111111111111111111111111111110010
0111111111111111111111111111111111111111111111001111111111111111111111111111111111111111111111100100
0111111111111111111111111111111111111111111110011111111111111111111111111111111111111111111111001000
0111111111111111111111111111111111111111111100111111111111111111111111111111111111111111111110010010
0111111111111111111111111111111111111111111001111111111111111111111111111111111111111111111100100100
0111111111111111111111111111111111111111110011111111111111111111111111111111111111111111111001001000
0111111111111111111111111111111111111111100111111111111111111111111111111111111111111111110010010010
0111111111111111111111111111111111111111001111111111111111111111111111111111111111111111100100100100
0111111111111111111111111111111111111110011111111111111111111111111111111111111111111111001001001000
0111111111111111111111111111111111111100111111111111111111111111111111111111111111111110010010010010
0111111111111111111111111111111111111001111111111111111111111111111111111111111111111100100100100100
0111111111111111111111111111111111110011111111111111111111111111111111111111111111111001001001001000
0111111111111111111111111111111111100111111111111111111111111111111111111111111111110010010010010010
0111111111111111111111111111111111001111111111111111111111111111111111111111111111100100100100100100
0111111111111111111111111111111110011111111111111111111111111111111111111111111111001001001001001000
0111111111111111111111111111111100111111111111111111111111111111111111111111111110010010010010010010
0111111111111111111111111111111001111111111111111111111111111111111111111111111100100100100100100100
0111111111111111111111111111110011111111111111111111111111111111111111111111111001001001001001001000
0111111111111111111111111111100111111111111111111111111111111111111111111111110010010010010010010010
0111111111111111111111111111001111111111111111111111111111111111111111111111100100100100100100100100
0111111111111111111111111110011111111111111111111111111111111111111111111111001001001001001001001000
0111111111111111111111111100111111111111111111111111111111111111111111111110010010010010010010010010
0111111111111111111111111001111111111111111111111111111111111111111111111100100100100100100100100100
0111111111111111111111110011111111111111111111111111111111111111111111111001001001001001001001001000
0111111111111111111111100111111111111111111111111111111111111111111111110010010010010010010010010010
0111111111111111111111001111111111111111111111111111111111111111111111100100100100100100100100100100
0111111111111111111110011111111111111111111111111111111111111111111111001001001001001001001001001000
0111111111111111111100111111111111111111111111111111111111111111111110010010010010010010010010010010
0111111111111111111001111111111111111111111111111111111111111111111100100100100100100100100100100100
0111111111111111110011111111111111111111111111111111111111111111111001001001001001001001001001001000
0111111111111111100111111111111111111111111111111111111111111111110010010010010010010010010010010010
0111111111111111001111111111111111111111111111111111111111111111100100100100100100100100100100100100
0111111111111110011111111111111111111111111111111111111111111111001001001001001001001001001001001000
0111111111111100111111111111111111111111111111111111111111111110010010010010010010010010010010010010
0111111111111001111111111111111111111111111111111111111111111100100100100100100100100100100100100100
0111111111110011111111111111111111111111111111111111111111111001001001001001001001001001001001001000
0111111111100111111111111111111111111111111111111111111111110010010010010010010010010010010010010010
0111111111001111111111111111111111111111111111111111111111100100100100100100100100100100100100100100
0111111110011111111111111111111111111111111111111111111111001001001001001001001001001001001001001000
0111111100111111111111111111111111111111111111111111111110010010010010010010010010010010010010010010
0111111001111111111111111111111111111111111111111111111100100100100100100100100100100100100100100100
0111110011111111111111111111111111111111111111111111111001001001001001001001001001001001001001001000
0111100111111111111111111111111111111111111111111111110010010010010010010010010010010010010010010010
0111001111111111111111111111111111111111111111111111100100100100100100100100100100100100100100100100
0110011111111111111111111111111111111111111111111111001001001001001001001001001001001001001001001000
0100111111111111111111111111111111111111111111111110010010010010010010010010010010010010010010010010
0001111111111111111111111111111111111111111111111100100100100100100100100100100100100100100100100100
0111111111111111111111111111111111111111111111111001001001001001001001001001001001001001001001001000
0111111111111111111111111111111111111111111111110010010010010010010010010010010010010010010010010010
0111111111111111111111111111111111111111111111100100100100100100100100100100100100100100100100100100
0111111111111111111111111111111111111111111111001001001001001001001001001001001001001001001001001000
0111111111111111111111111111111111111111111110010010010010010010010010010010010010010010010010010010
0111111111111111111111111111111111111111111100100100100100100100100100100100100100100100100100100100
0111111111111111111111111111111111111111111001001001001001001001001001001001001001001001001001001000
0111111111111111111111111111111111111111110010010010010010010010010010010010010010010010010010010010
0111111111111111111111111111111111111111100100100100100100100100100100100100100100100100100100100100
0111111111111111111111111111111111111111001001001001001001001001001001001001001001001001001001001000
0111111111111111111111111111111111111110010010010010010010010010010010010010010010010010010010010010
0111111111111111111111111111111111111100100100100100100100100100100100100100100100100100100100100100
0111111111111111111111111111111111111001001001001001001001001001001001001001001001001001001001001000
0111111111111111111111111111111111110010010010010010010010010010010010010010010010010010010010010010
0111111111111111111111111111111111100100100100100100100100100100100100100100100100100100100100100100
0111111111111111111111111111111111001001001001001001001001001001001001001001001001001001001001001000
0111111111111111111111111111111110010010010010010010010010010010010010010010010010010010010010010010
0111111111111111111111111111111100100100100100100100100100100100100100100100100100100100100100100100
0111111111111111111111111111111001001001001001001001001001001001001001001001001001001001001001001000
0111111111111111111111111111110010010010010010010010010010010010010010010010010010010010010010010010
0111111111111111111111111111100100100100100100100100100100100100100100100100100100100100100100100100
0111111111111111111111111111001001001001001001001001001001001001001001001001001001001001001001001000
0111111111111111111111111110010010010010010010010010010010010010010010010010010010010010010010010010
0111111111111111111111111100100100100100100100100100100100100100100100100100100100100100100100100100
0111111111111111111111111001001001001001001001001001001001001001001001001001001001001001001001001000
0111111111111111111111110010010010010010010010010010010010010010010010010010010010010010010010010010
0111111111111111111111100100100100100100100100100100100100100100100100100100100100100100100100100100
0111111111111111111111001001001001001001001001001001001001001001001001001001001001001001001001001000
0111111111111111111110010010010010010010010010010010010010010010010010010010010010010010010010010010
0111111111111111111100100100100100100100100100100100100100100100100100100100100100100100100100100100
0111111111111111111001001001001001001001001001001001001001001001001001001001001001001001001001001000
0111111111111111110010010010010010010010010010010010010010010010010010010010010010010010010010010010
0111111111111111100100100100100100100100100100100100100100100100100100100100100100100100100100100100
0111111111111111001001001001001001001001001001001001001001001001001001001001001001001001001001001000
0111111111111110010010010010010010010010010010010010010010010010010010010010010010010010010010010010
0111111111111100100100100100100100100100100100100100100100100100100100100100100100100100100100100100
0111111111111001001001001001001001001001001001001001001001001001001001001001001001001001001001001000
0111111111110010010010010010010010010010010010010010010010010010010010010010010010010010010010010010
0111111111100100100100100100100100100100100100100100100100100100100100100100100100100100100100100100
0111111111001001001001001001001001001001001001001001001001001001001001001001001001001001001001001000
0111111110010010010010010010010010010010010010010010010010010010010010010010010010010010010010010010
0111111100100100100100100100100100100100100100100100100100100100100100100100100100100100100100100100
0111111001001001001001001001001001001001001001001001001001001001001001001001001001001001001001001000
0111110010010010010010010010010010010010010010010010010010010010010010010010010010010010010010010010
0111100100100100100100100100100100100100100100100100100100100100100100100100100100100100100100100100
0111001001001001001001001001001001001001001001001001001001001001001001001001001001001001001001001000
0110010010010010010010010010010010010010010010010010010010010010010010010010010010010010010010010010
0100100100100100100100100100100100100100100100100100100100100100100100100100100100100100100100100100
0001001001001001001001001001001001001001001001001001001001001001001001001001001001001001001001001000
