0000000000000000000000000000000000000000000000000010000000000000000000000000000000000000000000000000
0111111111111111111111111111111111111111111111111101111111111111111111111111111111111111111111111110
0111111111111111111111111111111111111111111111111011111111111111111111111111111111111111111111111100
0111111111111111111111111111111111111111111111110111111111111111111111111111111111111111111111111010
0111111111111111111111111111111111111111111111101111111111111111111111111111111111111111111111110100
0111111111111111111111111111111111111111111111011111111111111111111111111111111111111111111111101010
0111111111111111111111111111111111111111111110111111111111111111111111111111111111111111111111010100
0111111111111111111111111111111111111111111101111111111111111111111111111111111111111111111110101010
0111111111111111111111111111111111111111111011111111111111111111111111111111111111111111111101010100
0111111111111111111111111111111111111111110111111111111111111111111111111111111111111111111010101010
0111111111111111111111111111111111111111101111111111111111111111111111111111111111111111110101010100
0111111111111111111111111111111111111111011111111111111111111111111111111111111111111111101010101010
0111111111111111111111111111111111111110111111111111111111111111111111111111111111111111010101010100
0111111111111111111111111111111111111101111111111111111111111111111111111111111111111110101010101010
0111111111111111111111111111111111111011111111111111111111111111111111111111111111111101010101010100
0111111111111111111111111111111111110111111111111111111111111111111111111111111111111010101010101010
0111111111111111111111111111111111101111111111111111111111111111111111111111111111110101010101010100
0111111111111111111111111111111111011111111111111111111111111111111111111111111111101010101010101010
0111111111111111111111111111111110111111111111111111111111111111111111111111111111010101010101010100
0111111111111111111111111111111101111111111111111111111111111111111111111111111110101010101010101010
0111111111111111111111111111111011111111111111111111111111111111111111111111111101010101010101010100
0111111111111111111111111111110111111111111111111111111111111111111111111111111010101010101010101010
0111111111111111111111111111101111111111111111111111111111111111111111111111110101010101010101010100
0111111111111111111111111111011111111111111111111111111111111111111111111111101010101010101010101010
0111111111111111111111111110111111111111111111111111111111111111111111111111010101010101010101010100
0111111111111111111111111101111111111111111111111111111111111111111111111110101010101010101010101010
0111111111111111111111111011111111111111111111111111111111111111111111111101010101010101010101010100
0111111111111111111111110111111111111111111111111111111111111111111111111010101010101010101010101010
0111111111111111111111101111111111111111111111111111111111111111111111110101010101010101010101010100
0111111111111111111111011111111111111111111111111111111111111111111111101010101010101010101010101010
0111111111111111111110111111111111111111111111111111111111111111111111010101010101010101010101010100
0111111111111111111101111111111111111111111111111111111111111111111110101010101010101010101010101010
0111111111111111111011111111111111111111111111111111111111111111111101010101010101010101010101010100
0111111111111111110111111111111111111111111111111111111111111111111010101010101010101010101010101010
0111111111111111101111111111111111111111111111111111111111111111110101010101010101010101010101010100
0111111111111111011111111111111111111111111111111111111111111111101010101010101010101010101010101010
0111111111111110111111111111111111111111111111111111111111111111010101010101010101010101010101010100
0111111111111101111111111111111111111111111111111111111111111110101010101010101010101010101010101010
0111111111111011111111111111111111111111111111111111111111111101010101010101010101010101010101010100
0111111111110111111111111111111111111111111111111111111111111010101010101010101010101010101010101010
0111111111101111111111111111111111111111111111111111111111110101010101010101010101010101010101010100
0111111111011111111111111111111111111111111111111111111111101010101010101010101010101010101010101010
0111111110111111111111111111111111111111111111111111111111010101010101010101010101010101010101010100
0111111101111111111111111111111111111111111111111111111110101010101010101010101010101010101010101010
0111111011111111111111111111111111111111111111111111111101010101010101010101010101010101010101010100
0111110111111111111111111111111111111111111111111111111010101010101010101010101010101010101010101010
0111101111111111111111111111111111111111111111111111110101010101010101010101010101010101010101010100
0111011111111111111111111111111111111111111111111111101010101010101010101010101010101010101010101010
0110111111111111111111111111111111111111111111111111010101010101010101010101010101010101010101010100
0101111111111111111111111111111111111111111111111110101010101010101010101010101010101010101010101010
0011111111111111111111111111111111111111111111111101010101010101010101010101010101010101010101010100
0111111111111111111111111111111111111111111111111010101010101010101010101010101010101010101010101010
0111111111111111111111111111111111111111111111110101010101010101010101010101010101010101010101010100
0111111111111111111111111111111111111111111111101010101010101010101010101010101010101010101010101010
0111111111111111111111111111111111111111111111010101010101010101010101010101010101010101010101010100
0111111111111111111111111111111111111111111110101010101010101010101010101010101010101010101010101010
0111111111111111111111111111111111111111111101010101010101010101010101010101010101010101010101010100
0111111111111111111111111111111111111111111010101010101010101010101010101010101010101010101010101010
0111111111111111111111111111111111111111110101010101010101010101010101010101010101010101010101010100
0111111111111111111111111111111111111111101010101010101010101010101010101010101010101010101010101010
0111111111111111111111111111111111111111010101010101010101010101010101010101010101010101010101010100
0111111111111111111111111111111111111110101010101010101010101010101010101010101010101010101010101010
0111111111111111111111111111111111111101010101010101010101010101010101010101010101010101010101010100
0111111111111111111111111111111111111010101010101010101010101010101010101010101010101010101010101010
0111111111111111111111111111111111110101010101010101010101010101010101010101010101010101010101010100
0111111111111111111111111111111111101010101010101010101010101010101010101010101010101010101010101010
0111111111111111111111111111111111010101010101010101010101010101010101010101010101010101010101010100
0111111111111111111111111111111110101010101010101010101010101010101010101010101010101010101010101010
0111111111111111111111111111111101010101010101010101010101010101010101010101010101010101010101010100
0111111111111111111111111111111010101010101010101010101010101010101010101010101010101010101010101010
0111111111111111111111111111110101010101010101010101010101010101010101010101010101010101010101010100
0111111111111111111111111111101010101010101010101010101010101010101010101010101010101010101010101010
0111111111111111111111111111010101010101010101010101010101010101010101010101010101010101010101010100
0111111111111111111111111110101010101010101010101010101010101010101010101010101010101010101010101010
0111111111111111111111111101010101010101010101010101010101010101010101010101010101010101010101010100
0111111111111111111111111010101010101010101010101010101010101010101010101010101010101010101010101010
0111111111111111111111110101010101010101010101010101010101010101010101010101010101010101010101010100
0111111111111111111111101010101010101010101010101010101010101010101010101010101010101010101010101010
0111111111111111111111010101010101010101010101010101010101010101010101010101010101010101010101010100
0111111111111111111110101010101010101010101010101010101010101010101010101010101010101010101010101010
0111111111111111111101010101010101010101010101010101010101010101010101010101010101010101010101010100
0111111111111111111010101010101010101010101010101010101010101010101010101010101010101010101010101010
0111111111111111110101010101010101010101010101010101010101010101010101010101010101010101010101010100
0111111111111111101010101010101010101010101010101010101010101010101010101010101010101010101010101010
0111111111111111010101010101010101010101010101010101010101010101010101010101010101010101010101010100
0111111111111110101010101010101010101010101010101010101010101010101010101010101010101010101010101010
0111111111111101010101010101010101010101010101010101010101010101010101010101010101010101010101010100
0111111111111010101010101010101010101010101010101010101010101010101010101010101010101010101010101010
0111111111110101010101010101010101010101010101010101010101010101010101010101010101010101010101010100
0111111111101010101010101010101010101010101010101010101010101010101010101010101010101010101010101010
0111111111010101010101010101010101010101010101010101010101010101010101010101010101010101010101010100
0111111110101010101010101010101010101010101010101010101010101010101010101010101010101010101010101010
0111111101010101010101010101010101010101010101010101010101010101010101010101010101010101010101010100
0111111010101010101010101010101010101010101010101010101010101010101010101010101010101010101010101010
0111110101010101010101010101010101010101010101010101010101010101010101010101010101010101010101010100
0111101010101010101010101010101010101010101010101010101010101010101010101010101010101010101010101010
0111010101010101010101010101010101010101010101010101010101010101010101010101010101010101010101010100
0110101010101010101010101010101010101010101010101010101010101010101010101010101010101010101010101010
0101010101010101010101010101010101010101010101010101010101010101010101010101010101010101010101010100
0010101010101010101010101010101010101010101010101010101010101010101010101010101010101010101010101010
