0000000000000000000000000000000000000000000000000010000000000000000000000000000000000000000000000000
0000000000000000000000000000000000000000000000000110000000000000000000000000000000000000000000000000
0000000000000000000000000000000000000000000000001100000000000000000000000000000000000000000000000000
0000000000000000000000000000000000000000000000011000000000000000000000000000000000000000000000000000
0000000000000000000000000000000000000000000000110000000000000000000000000000000000000000000000000000
0000000000000000000000000000000000000000000001100000000000000000000000000000000000000000000000000000
0000000000000000000000000000000000000000000011000000000000000000000000000000000000000000000000000000
0000000000000000000000000000000000000000000110000000000000000000000000000000000000000000000000000000
0000000000000000000000000000000000000000001100000000000000000000000000000000000000000000000000000000
0000000000000000000000000000000000000000011000000000000000000000000000000000000000000000000000000000
0000000000000000000000000000000000000000110000000000000000000000000000000000000000000000000000000000
0000000000000000000000000000000000000001100000000000000000000000000000000000000000000000000000000000
0000000000000000000000000000000000000011000000000000000000000000000000000000000000000000000000000000
0000000000000000000000000000000000000110000000000000000000000000000000000000000000000000000000000000
0000000000000000000000000000000000001100000000000000000000000000000000000000000000000000000000000000
0000000000000000000000000000000000011000000000000000000000000000000000000000000000000000000000000000
0000000000000000000000000000000000110000000000000000000000000000000000000000000000000000000000000000
0000000000000000000000000000000001100000000000000000000000000000000000000000000000000000000000000000
0000000000000000000000000000000011000000000000000000000000000000000000000000000000000000000000000000
0000000000000000000000000000000110000000000000000000000000000000000000000000000000000000000000000000
0000000000000000000000000000001100000000000000000000000000000000000000000000000000000000000000000000
0000000000000000000000000000011000000000000000000000000000000000000000000000000000000000000000000000
0000000000000000000000000000110000000000000000000000000000000000000000000000000000000000000000000000
0000000000000000000000000001100000000000000000000000000000000000000000000000000000000000000000000000
0000000000000000000000000011000000000000000000000000000000000000000000000000000000000000000000000000
0000000000000000000000000110000000000000000000000000000000000000000000000000000000000000000000000000
0000000000000000000000001100000000000000000000000000000000000000000000000000000000000000000000000000
0000000000000000000000011000000000000000000000000000000000000000000000000000000000000000000000000000
0000000000000000000000110000000000000000000000000000000000000000000000000000000000000000000000000000
0000000000000000000001100000000000000000000000000000000000000000000000000000000000000000000000000000
0000000000000000000011000000000000000000000000000000000000000000000000000000000000000000000000000000
0000000000000000000110000000000000000000000000000000000000000000000000000000000000000000000000000000
0000000000000000001100000000000000000000000000000000000000000000000000000000000000000000000000000000
0000000000000000011000000000000000000000000000000000000000000000000000000000000000000000000000000000
0000000000000000110000000000000000000000000000000000000000000000000000000000000000000000000000000000
0000000000000001100000000000000000000000000000000000000000000000000000000000000000000000000000000000
0000000000000011000000000000000000000000000000000000000000000000000000000000000000000000000000000000
0000000000000110000000000000000000000000000000000000000000000000000000000000000000000000000000000000
0000000000001100000000000000000000000000000000000000000000000000000000000000000000000000000000000000
0000000000011000000000000000000000000000000000000000000000000000000000000000000000000000000000000000
0000000000110000000000000000000000000000000000000000000000000000000000000000000000000000000000000000
0000000001100000000000000000000000000000000000000000000000000000000000000000000000000000000000000000
0000000011000000000000000000000000000000000000000000000000000000000000000000000000000000000000000000
0000000110000000000000000000000000000000000000000000000000000000000000000000000000000000000000000000
0000001100000000000000000000000000000000000000000000000000000000000000000000000000000000000000000000
0000011000000000000000000000000000000000000000000000000000000000000000000000000000000000000000000000
0000110000000000000000000000000000000000000000000000000000000000000000000000000000000000000000000000
0001100000000000000000000000000000000000000000000000000000000000000000000000000000000000000000000000
0011000000000000000000000000000000000000000000000000000000000000000000000000000000000000000000000000
0110000000000000000000000000000000000000000000000000000000000000000000000000000000000000000000000000
0100000000000000000000000000000000000000000000000000000000000000000000000000000000000000000000000000
0100000000000000000000000000000000000000000000000000000000000000000000000000000000000000000000000000
0100000000000000000000000000000000000000000000000000000000000000000000000000000000000000000000000000
0100000000000000000000000000000000000000000000000000000000000000000000000000000000000000000000000000
0100000000000000000000000000000000000000000000000000000000000000000000000000000000000000000000000000
0100000000000000000000000000000000000000000000000000000000000000000000000000000000000000000000000000
0100000000000000000000000000000000000000000000000000000000000000000000000000000000000000000000000000
0100000000000000000000000000000000000000000000000000000000000000000000000000000000000000000000000000
0100000000000000000000000000000000000000000000000000000000000000000000000000000000000000000000000000
0100000000000000000000000000000000000000000000000000000000000000000000000000000000000000000000000000
0100000000000000000000000000000000000000000000000000000000000000000000000000000000000000000000000000
0100000000000000000000000000000000000000000000000000000000000000000000000000000000000000000000000000
0100000000000000000000000000000000000000000000000000000000000000000000000000000000000000000000000000
0100000000000000000000000000000000000000000000000000000000000000000000000000000000000000000000000000
0100000000000000000000000000000000000000000000000000000000000000000000000000000000000000000000000000
0100000000000000000000000000000000000000000000000000000000000000000000000000000000000000000000000000
0100000000000000000000000000000000000000000000000000000000000000000000000000000000000000000000000000
0100000000000000000000000000000000000000000000000000000000000000000000000000000000000000000000000000
0100000000000000000000000000000000000000000000000000000000000000000000000000000000000000000000000000
0100000000000000000000000000000000000000000000000000000000000000000000000000000000000000000000000000
0100000000000000000000000000000000000000000000000000000000000000000000000000000000000000000000000000
0100000000000000000000000000000000000000000000000000000000000000000000000000000000000000000000000000
0100000000000000000000000000000000000000000000000000000000000000000000000000000000000000000000000000
0100000000000000000000000000000000000000000000000000000000000000000000000000000000000000000000000000
0100000000000000000000000000000000000000000000000000000000000000000000000000000000000000000000000000
0100000000000000000000000000000000000000000000000000000000000000000000000000000000000000000000000000
0100000000000000000000000000000000000000000000000000000000000000000000000000000000000000000000000000
0100000000000000000000000000000000000000000000000000000000000000000000000000000000000000000000000000
0100000000000000000000000000000000000000000000000000000000000000000000000000000000000000000000000000
0100000000000000000000000000000000000000000000000000000000000000000000000000000000000000000000000000
0100000000000000000000000000000000000000000000000000000000000000000000000000000000000000000000000000
0100000000000000000000000000000000000000000000000000000000000000000000000000000000000000000000000000
0100000000000000000000000000000000000000000000000000000000000000000000000000000000000000000000000000
0100000000000000000000000000000000000000000000000000000000000000000000000000000000000000000000000000
0100000000000000000000000000000000000000000000000000000000000000000000000000000000000000000000000000
0100000000000000000000000000000000000000000000000000000000000000000000000000000000000000000000000000
0100000000000000000000000000000000000000000000000000000000000000000000000000000000000000000000000000
0100000000000000000000000000000000000000000000000000000000000000000000000000000000000000000000000000
0100000000000000000000000000000000000000000000000000000000000000000000000000000000000000000000000000
0100000000000000000000000000000000000000000000000000000000000000000000000000000000000000000000000000
0100000000000000000000000000000000000000000000000000000000000000000000000000000000000000000000000000
0100000000000000000000000000000000000000000000000000000000000000000000000000000000000000000000000000
0100000000000000000000000000000000000000000000000000000000000000000000000000000000000000000000000000
0100000000000000000000000000000000000000000000000000000000000000000000000000000000000000000000000000
0100000000000000000000000000000000000000000000000000000000000000000000000000000000000000000000000000
0100000000000000000000000000000000000000000000000000000000000000000000000000000000000000000000000000
0100000000000000000000000000000000000000000000000000000000000000000000000000000000000000000000000000
0100000000000000000000000000000000000000000000000000000000000000000000000000000000000000000000000000
0100000000000000000000000000000000000000000000000000000000000000000000000000000000000000000000000000
0100000000000000000000000000000000000000000000000000000000000000000000000000000000000000000000000000
