0000000000000000000000000000000000000000000000000010000000000000000000000000000000000000000000000000
0111111111111111111111111111111111111111111111111110111111111111111111111111111111111111111111111110
0111111111111111111111111111111111111111111111111101111111111111111111111111111111111111111111111100
0111111111111111111111111111111111111111111111111011111111111111111111111111111111111111111111111000
0111111111111111111111111111111111111111111111110111111111111111111111111111111111111111111111110010
0111111111111111111111111111111111111111111111101111111111111111111111111111111111111111111111100110
0111111111111111111111111111111111111111111111011111111111111111111111111111111111111111111111001100
0111111111111111111111111111111111111111111110111111111111111111111111111111111111111111111110011000
0111111111111111111111111111111111111111111101111111111111111111111111111111111111111111111100110010
0111111111111111111111111111111111111111111011111111111111111111111111111111111111111111111001100110
0111111111111111111111111111111111111111110111111111111111111111111111111111111111111111110011001100
0111111111111111111111111111111111111111101111111111111111111111111111111111111111111111100110011000
0111111111111111111111111111111111111111011111111111111111111111111111111111111111111111001100110010
0111111111111111111111111111111111111110111111111111111111111111111111111111111111111110011001100110
0111111111111111111111111111111111111101111111111111111111111111111111111111111111111100110011001100
0111111111111111111111111111111111111011111111111111111111111111111111111111111111111001100110011000
0111111111111111111111111111111111110111111111111111111111111111111111111111111111110011001100110010
0111111111111111111111111111111111101111111111111111111111111111111111111111111111100110011001100110
0111111111111111111111111111111111011111111111111111111111111111111111111111111111001100110011001100
0111111111111111111111111111111110111111111111111111111111111111111111111111111110011001100110011000
0111111111111111111111111111111101111111111111111111111111111111111111111111111100110011001100110010
0111111111111111111111111111111011111111111111111111111111111111111111111111111001100110011001100110
0111111111111111111111111111110111111111111111111111111111111111111111111111110011001100110011001100
0111111111111111111111111111101111111111111111111111111111111111111111111111100110011001100110011000
0111111111111111111111111111011111111111111111111111111111111111111111111111001100110011001100110010
0111111111111111111111111110111111111111111111111111111111111111111111111110011001100110011001100110
0111111111111111111111111101111111111111111111111111111111111111111111111100110011001100110011001100
0111111111111111111111111011111111111111111111111111111111111111111111111001100110011001100110011000
0111111111111111111111110111111111111111111111111111111111111111111111110011001100110011001100110010
0111111111111111111111101111111111111111111111111111111111111111111111100110011001100110011001100110
0111111111111111111111011111111111111111111111111111111111111111111111001100110011001100110011001100
0111111111111111111110111111111111111111111111111111111111111111111110011001100110011001100110011000
0111111111111111111101111111111111111111111111111111111111111111111100110011001100110011001100110010
0111111111111111111011111111111111111111111111111111111111111111111001100110011001100110011001100110
0111111111111111110111111111111111111111111111111111111111111111110011001100110011001100110011001100
0111111111111111101111111111111111111111111111111111111111111111100110011001100110011001100110011000
0111111111111111011111111111111111111111111111111111111111111111001100110011001100110011001100110010
0111111111111110111111111111111111111111111111111111111111111110011001100110011001100110011001100110
0111111111111101111111111111111111111111111111111111111111111100110011001100110011001100110011001100
0111111111111011111111111111111111111111111111111111111111111001100110011001100110011001100110011000
0111111111110111111111111111111111111111111111111111111111110011001100110011001100110011001100110010
0111111111101111111111111111111111111111111111111111111111100110011001100110011001100110011001100110
0111111111011111111111111111111111111111111111111111111111001100110011001100110011001100110011001100
0111111110111111111111111111111111111111111111111111111110011001100110011001100110011001100110011000
0111111101111111111111111111111111111111111111111111111100110011001100110011001100110011001100110010
0111111011111111111111111111111111111111111111111111111001100110011001100110011001100110011001100110
0111110111111111111111111111111111111111111111111111110011001100110011001100110011001100110011001100
0111101111111111111111111111111111111111111111111111100110011001100110011001100110011001100110011000
0111011111111111111111111111111111111111111111111111001100110011001100110011001100110011001100110010
0110111111111111111111111111111111111111111111111110011001100110011001100110011001100110011001100110
0101111111111111111111111111111111111111111111111100110011001100110011001100110011001100110011001100
0111111111111111111111111111111111111111111111111001100110011001100110011001100110011001100110011000
0111111111111111111111111111111111111111111111110011001100110011001100110011001100110011001100110010
0111111111111111111111111111111111111111111111100110011001100110011001100110011001100110011001100110
0111111111111111111111111111111111111111111111001100110011001100110011001100110011001100110011001100
0111111111111111111111111111111111111111111110011001100110011001100110011001100110011001100110011000
0111111111111111111111111111111111111111111100110011001100110011001100110011001100110011001100110010
0111111111111111111111111111111111111111111001100110011001100110011001100110011001100110011001100110
0111111111111111111111111111111111111111110011001100110011001100110011001100110011001100110011001100
0111111111111111111111111111111111111111100110011001100110011001100110011001100110011001100110011000
0111111111111111111111111111111111111111001100110011001100110011001100110011001100110011001100110010
0111111111111111111111111111111111111110011001100110011001100110011001100110011001100110011001100110
0111111111111111111111111111111111111100110011001100110011001100110011001100110011001100110011001100
0111111111111111111111111111111111111001100110011001100110011001100110011001100110011001100110011000
0111111111111111111111111111111111110011001100110011001100110011001100110011001100110011001100110010
0111111111111111111111111111111111100110011001100110011001100110011001100110011001100110011001100110
0111111111111111111111111111111111001100110011001100110011001100110011001100110011001100110011001100
0111111111111111111111111111111110011001100110011001100110011001100110011001100110011001100110011000
0111111111111111111111111111111100110011001100110011001100110011001100110011001100110011001100110010
0111111111111111111111111111111001100110011001100110011001100110011001100110011001100110011001100110
0111111111111111111111111111110011001100110011001100110011001100110011001100110011001100110011001100
0111111111111111111111111111100110011001100110011001100110011001100110011001100110011001100110011000
0111111111111111111111111111001100110011001100110011001100110011001100110011001100110011001100110010
0111111111111111111111111110011001100110011001100110011001100110011001100110011001100110011001100110
0111111111111111111111111100110011001100110011001100110011001100110011001100110011001100110011001100
0111111111111111111111111001100110011001100110011001100110011001100110011001100110011001100110011000
0111111111111111111111110011001100110011001100110011001100110011001100110011001100110011001100110010
0111111111111111111111100110011001100110011001100110011001100110011001100110011001100110011001100110
0111111111111111111111001100110011001100110011001100110011001100110011001100110011001100110011001100
0111111111111111111110011001100110011001100110011001100110011001100110011001100110011001100110011000
0111111111111111111100110011001100110011001100110011001100110011001100110011001100110011001100110010
0111111111111111111001100110011001100110011001100110011001100110011001100110011001100110011001100110
0111111111111111110011001100110011001100110011001100110011001100110011001100110011001100110011001100
0111111111111111100110011001100110011001100110011001100110011001100110011001100110011001100110011000
0111111111111111001100110011001100110011001100110011001100110011001100110011001100110011001100110010
0111111111111110011001100110011001100110011001100110011001100110011001100110011001100110011001100110
0111111111111100110011001100110011001100110011001100110011001100110011001100110011001100110011001100
0111111111111001100110011001100110011001100110011001100110011001100110011001100110011001100110011000
0111111111110011001100110011001100110011001100110011001100110011001100110011001100110011001100110010
0111111111100110011001100110011001100110011001100110011001100110011001100110011001100110011001100110
0111111111001100110011001100110011001100110011001100110011001100110011001100110011001100110011001100
0111111110011001100110011001100110011001100110011001100110011001100110011001100110011001100110011000
0111111100110011001100110011001100110011001100110011001100110011001100110011001100110011001100110010
0111111001100110011001100110011001100110011001100110011001100110011001100110011001100110011001100110
0111110011001100110011001100110011001100110011001100110011001100110011001100110011001100110011001100
0111100110011001100110011001100110011001100110011001100110011001100110011001100110011001100110011000
0111001100110011001100110011001100110011001100110011001100110011001100110011001100110011001100110010
0110011001100110011001100110011001100110011001100110011001100110011001100110011001100110011001100110
0100110011001100110011001100110011001100110011001100110011001100110011001100110011001100110011001100
0101100110011001100110011001100110011001100110011001100110011001100110011001100110011001100110011000
