0000000000000000000000000000000000000000000000000010000000000000000000000000000000000000000000000000
0000000000000000000000000000000000000000000000000111000000000000000000000000000000000000000000000000
0000000000000000000000000000000000000000000000001110100000000000000000000000000000000000000000000000
0000000000000000000000000000000000000000000000011101110000000000000000000000000000000000000000000000
0000000000000000000000000000000000000000000000111011101000000000000000000000000000000000000000000000
0000000000000000000000000000000000000000000001110111011100000000000000000000000000000000000000000000
0000000000000000000000000000000000000000000011101110111010000000000000000000000000000000000000000000
0000000000000000000000000000000000000000000111011101110111000000000000000000000000000000000000000000
0000000000000000000000000000000000000000001110111011101110100000000000000000000000000000000000000000
0000000000000000000000000000000000000000011101110111011101110000000000000000000000000000000000000000
0000000000000000000000000000000000000000111011101110111011101000000000000000000000000000000000000000
0000000000000000000000000000000000000001110111011101110111011100000000000000000000000000000000000000
0000000000000000000000000000000000000011101110111011101110111010000000000000000000000000000000000000
0000000000000000000000000000000000000111011101110111011101110111000000000000000000000000000000000000
0000000000000000000000000000000000001110111011101110111011101110100000000000000000000000000000000000
0000000000000000000000000000000000011101110111011101110111011101110000000000000000000000000000000000
0000000000000000000000000000000000111011101110111011101110111011101000000000000000000000000000000000
0000000000000000000000000000000001110111011101110111011101110111011100000000000000000000000000000000
0000000000000000000000000000000011101110111011101110111011101110111010000000000000000000000000000000
0000000000000000000000000000000111011101110111011101110111011101110111000000000000000000000000000000
0000000000000000000000000000001110111011101110111011101110111011101110100000000000000000000000000000
0000000000000000000000000000011101110111011101110111011101110111011101110000000000000000000000000000
0000000000000000000000000000111011101110111011101110111011101110111011101000000000000000000000000000
0000000000000000000000000001110111011101110111011101110111011101110111011100000000000000000000000000
0000000000000000000000000011101110111011101110111011101110111011101110111010000000000000000000000000
0000000000000000000000000111011101110111011101110111011101110111011101110111000000000000000000000000
0000000000000000000000001110111011101110111011101110111011101110111011101110100000000000000000000000
0000000000000000000000011101110111011101110111011101110111011101110111011101110000000000000000000000
0000000000000000000000111011101110111011101110111011101110111011101110111011101000000000000000000000
0000000000000000000001110111011101110111011101110111011101110111011101110111011100000000000000000000
0000000000000000000011101110111011101110111011101110111011101110111011101110111010000000000000000000
0000000000000000000111011101110111011101110111011101110111011101110111011101110111000000000000000000
0000000000000000001110111011101110111011101110111011101110111011101110111011101110100000000000000000
0000000000000000011101110111011101110111011101110111011101110111011101110111011101110000000000000000
0000000000000000111011101110111011101110111011101110111011101110111011101110111011101000000000000000
0000000000000001110111011101110111011101110111011101110111011101110111011101110111011100000000000000
0000000000000011101110111011101110111011101110111011101110111011101110111011101110111010000000000000
0000000000000111011101110111011101110111011101110111011101110111011101110111011101110111000000000000
0000000000001110111011101110111011101110111011101110111011101110111011101110111011101110100000000000
0000000000011101110111011101110111011101110111011101110111011101110111011101110111011101110000000000
0000000000111011101110111011101110111011101110111011101110111011101110111011101110111011101000000000
0000000001110111011101110111011101110111011101110111011101110111011101110111011101110111011100000000
0000000011101110111011101110111011101110111011101110111011101110111011101110111011101110111010000000
0000000111011101110111011101110111011101110111011101110111011101110111011101110111011101110111000000
0000001110111011101110111011101110111011101110111011101110111011101110111011101110111011101110100000
0000011101110111011101110111011101110111011101110111011101110111011101110111011101110111011101110000
0000111011101110111011101110111011101110111011101110111011101110111011101110111011101110111011101000
0001110111011101110111011101110111011101110111011101110111011101110111011101110111011101110111011100
0011101110111011101110111011101110111011101110111011101110111011101110111011101110111011101110111010
0111011101110111011101110111011101110111011101110111011101110111011101110111011101110111011101110110
0110111011101110111011101110111011101110111011101110111011101110111011101110111011101110111011101100
0101110111011101110111011101110111011101110111011101110111011101110111011101110111011101110111011010
0111101110111011101110111011101110111011101110111011101110111011101110111011101110111011101110110110
0111011101110111011101110111011101110111011101110111011101110111011101110111011101110111011101101100
0110111011101110111011101110111011101110111011101110111011101110111011101110111011101110111011011010
0101110111011101110111011101110111011101110111011101110111011101110111011101110111011101110110110110
0111101110111011101110111011101110111011101110111011101110111011101110111011101110111011101101101100
0111011101110111011101110111011101110111011101110111011101110111011101110111011101110111011011011010
0110111011101110111011101110111011101110111011101110111011101110111011101110111011101110110110110110
0101110111011101110111011101110111011101110111011101110111011101110111011101110111011101101101101100
0111101110111011101110111011101110111011101110111011101110111011101110111011101110111011011011011010
0111011101110111011101110111011101110111011101110111011101110111011101110111011101110110110110110110
0110111011101110111011101110111011101110111011101110111011101110111011101110111011101101101101101100
0101110111011101110111011101110111011101110111011101110111011101110111011101110111011011011011011010
0111101110111011101110111011101110111011101110111011101110111011101110111011101110110110110110110110
0111011101110111011101110111011101110111011101110111011101110111011101110111011101101101101101101100
0110111011101110111011101110111011101110111011101110111011101110111011101110111011011011011011011010
0101110111011101110111011101110111011101110111011101110111011101110111011101110110110110110110110110
0111101110111011101110111011101110111011101110111011101110111011101110111011101101101101101101101100
0111011101110111011101110111011101110111011101110111011101110111011101110111011011011011011011011010
0110111011101110111011101110111011101110111011101110111011101110111011101110110110110110110110110110
0101110111011101110111011101110111011101110111011101110111011101110111011101101101101101101101101100
0111101110111011101110111011101110111011101110111011101110111011101110111011011011011011011011011010
0111011101110111011101110111011101110111011101110111011101110111011101110110110110110110110110110110
0110111011101110111011101110111011101110111011101110111011101110111011101101101101101101101101101100
0101110111011101110111011101110111011101110111011101110111011101110111011011011011011011011011011010
0111101110111011101110111011101110111011101110111011101110111011101110110110110110110110110110110110
0111011101110111011101110111011101110111011101110111011101110111011101101101101101101101101101101100
0110111011101110111011101110111011101110111011101110111011101110111011011011011011011011011011011010
0101110111011101110111011101110111011101110111011101110111011101110110110110110110110110110110110110
0111101110111011101110111011101110111011101110111011101110111011101101101101101101101101101101101100
0111011101110111011101110111011101110111011101110111011101110111011011011011011011011011011011011010
0110111011101110111011101110111011101110111011101110111011101110110110110110110110110110110110110110
0101110111011101110111011101110111011101110111011101110111011101101101101101101101101101101101101100
0111101110111011101110111011101110111011101110111011101110111011011011011011011011011011011011011010
0111011101110111011101110111011101110111011101110111011101110110110110110110110110110110110110110110
0110111011101110111011101110111011101110111011101110111011101101101101101101101101101101101101101100
0101110111011101110111011101110111011101110111011101110111011011011011011011011011011011011011011010
0111101110111011101110111011101110111011101110111011101110110110110110110110110110110110110110110110
0111011101110111011101110111011101110111011101110111011101101101101101101101101101101101101101101100
0110111011101110111011101110111011101110111011101110111011011011011011011011011011011011011011011010
0101110111011101110111011101110111011101110111011101110110110110110110110110110110110110110110110110
0111101110111011101110111011101110111011101110111011101101101101101101101101101101101101101101101100
0111011101110111011101110111011101110111011101110111011011011011011011011011011011011011011011011010
0110111011101110111011101110111011101110111011101110110110110110110110110110110110110110110110110110
0101110111011101110111011101110111011101110111011101101101101101101101101101101101101101101101101100
0111101110111011101110111011101110111011101110111011011011011011011011011011011011011011011011011010
0111011101110111011101110111011101110111011101110110110110110110110110110110110110110110110110110110
0110111011101110111011101110111011101110111011101101101101101101101101101101101101101101101101101100
0101110111011101110111011101110111011101110111011011011011011011011011011011011011011011011011011010
