0000000000000000000000000000000000000000000000000010000000000000000000000000000000000000000000000000
0111111111111111111111111111111111111111111111111111111111111111111111111111111111111111111111111110
0111111111111111111111111111111111111111111111111111111111111111111111111111111111111111111111111100
0111111111111111111111111111111111111111111111111111111111111111111111111111111111111111111111111010
0111111111111111111111111111111111111111111111111111111111111111111111111111111111111111111111110110
0111111111111111111111111111111111111111111111111111111111111111111111111111111111111111111111101100
0111111111111111111111111111111111111111111111111111111111111111111111111111111111111111111111011010
0111111111111111111111111111111111111111111111111111111111111111111111111111111111111111111110110110
0111111111111111111111111111111111111111111111111111111111111111111111111111111111111111111101101100
0111111111111111111111111111111111111111111111111111111111111111111111111111111111111111111011011010
0111111111111111111111111111111111111111111111111111111111111111111111111111111111111111110110110110
0111111111111111111111111111111111111111111111111111111111111111111111111111111111111111101101101100
0111111111111111111111111111111111111111111111111111111111111111111111111111111111111111011011011010
0111111111111111111111111111111111111111111111111111111111111111111111111111111111111110110110110110
0111111111111111111111111111111111111111111111111111111111111111111111111111111111111101101101101100
0111111111111111111111111111111111111111111111111111111111111111111111111111111111111011011011011010
0111111111111111111111111111111111111111111111111111111111111111111111111111111111110110110110110110
0111111111111111111111111111111111111111111111111111111111111111111111111111111111101101101101101100
0111111111111111111111111111111111111111111111111111111111111111111111111111111111011011011011011010
0111111111111111111111111111111111111111111111111111111111111111111111111111111110110110110110110110
0111111111111111111111111111111111111111111111111111111111111111111111111111111101101101101101101100
0111111111111111111111111111111111111111111111111111111111111111111111111111111011011011011011011010
0111111111111111111111111111111111111111111111111111111111111111111111111111110110110110110110110110
0111111111111111111111111111111111111111111111111111111111111111111111111111101101101101101101101100
0111111111111111111111111111111111111111111111111111111111111111111111111111011011011011011011011010
0111111111111111111111111111111111111111111111111111111111111111111111111110110110110110110110110110
0111111111111111111111111111111111111111111111111111111111111111111111111101101101101101101101101100
0111111111111111111111111111111111111111111111111111111111111111111111111011011011011011011011011010
0111111111111111111111111111111111111111111111111111111111111111111111110110110110110110110110110110
0111111111111111111111111111111111111111111111111111111111111111111111101101101101101101101101101100
0111111111111111111111111111111111111111111111111111111111111111111111011011011011011011011011011010
0111111111111111111111111111111111111111111111111111111111111111111110110110110110110110110110110110
0111111111111111111111111111111111111111111111111111111111111111111101101101101101101101101101101100
0111111111111111111111111111111111111111111111111111111111111111111011011011011011011011011011011010
0111111111111111111111111111111111111111111111111111111111111111110110110110110110110110110110110110
0111111111111111111111111111111111111111111111111111111111111111101101101101101101101101101101101100
0111111111111111111111111111111111111111111111111111111111111111011011011011011011011011011011011010
0111111111111111111111111111111111111111111111111111111111111110110110110110110110110110110110110110
0111111111111111111111111111111111111111111111111111111111111101101101101101101101101101101101101100
0111111111111111111111111111111111111111111111111111111111111011011011011011011011011011011011011010
0111111111111111111111111111111111111111111111111111111111110110110110110110110110110110110110110110
0111111111111111111111111111111111111111111111111111111111101101101101101101101101101101101101101100
0111111111111111111111111111111111111111111111111111111111011011011011011011011011011011011011011010
0111111111111111111111111111111111111111111111111111111110110110110110110110110110110110110110110110
0111111111111111111111111111111111111111111111111111111101101101101101101101101101101101101101101100
0111111111111111111111111111111111111111111111111111111011011011011011011011011011011011011011011010
0111111111111111111111111111111111111111111111111111110110110110110110110110110110110110110110110110
0111111111111111111111111111111111111111111111111111101101101101101101101101101101101101101101101100
0111111111111111111111111111111111111111111111111111011011011011011011011011011011011011011011011010
0111111111111111111111111111111111111111111111111110110110110110110110110110110110110110110110110110
0111111111111111111111111111111111111111111111111101101101101101101101101101101101101101101101101100
0111111111111111111111111111111111111111111111111011011011011011011011011011011011011011011011011010
0111111111111111111111111111111111111111111111110110110110110110110110110110110110110110110110110110
0111111111111111111111111111111111111111111111101101101101101101101101101101101101101101101101101100
0111111111111111111111111111111111111111111111011011011011011011011011011011011011011011011011011010
0111111111111111111111111111111111111111111110110110110110110110110110110110110110110110110110110110
0111111111111111111111111111111111111111111101101101101101101101101101101101101101101101101101101100
0111111111111111111111111111111111111111111011011011011011011011011011011011011011011011011011011010
0111111111111111111111111111111111111111110110110110110110110110110110110110110110110110110110110110
0111111111111111111111111111111111111111101101101101101101101101101101101101101101101101101101101100
0111111111111111111111111111111111111111011011011011011011011011011011011011011011011011011011011010
0111111111111111111111111111111111111110110110110110110110110110110110110110110110110110110110110110
0111111111111111111111111111111111111101101101101101101101101101101101101101101101101101101101101100
0111111111111111111111111111111111111011011011011011011011011011011011011011011011011011011011011010
0111111111111111111111111111111111110110110110110110110110110110110110110110110110110110110110110110
0111111111111111111111111111111111101101101101101101101101101101101101101101101101101101101101101100
0111111111111111111111111111111111011011011011011011011011011011011011011011011011011011011011011010
0111111111111111111111111111111110110110110110110110110110110110110110110110110110110110110110110110
0111111111111111111111111111111101101101101101101101101101101101101101101101101101101101101101101100
0111111111111111111111111111111011011011011011011011011011011011011011011011011011011011011011011010
0111111111111111111111111111110110110110110110110110110110110110110110110110110110110110110110110110
0111111111111111111111111111101101101101101101101101101101101101101101101101101101101101101101101100
0111111111111111111111111111011011011011011011011011011011011011011011011011011011011011011011011010
0111111111111111111111111110110110110110110110110110110110110110110110110110110110110110110110110110
0111111111111111111111111101101101101101101101101101101101101101101101101101101101101101101101101100
0111111111111111111111111011011011011011011011011011011011011011011011011011011011011011011011011010
0111111111111111111111110110110110110110110110110110110110110110110110110110110110110110110110110110
0111111111111111111111101101101101101101101101101101101101101101101101101101101101101101101101101100
0111111111111111111111011011011011011011011011011011011011011011011011011011011011011011011011011010
0111111111111111111110110110110110110110110110110110110110110110110110110110110110110110110110110110
0111111111111111111101101101101101101101101101101101101101101101101101101101101101101101101101101100
0111111111111111111011011011011011011011011011011011011011011011011011011011011011011011011011011010
0111111111111111110110110110110110110110110110110110110110110110110110110110110110110110110110110110
0111111111111111101101101101101101101101101101101101101101101101101101101101101101101101101101101100
0111111111111111011011011011011011011011011011011011011011011011011011011011011011011011011011011010
0111111111111110110110110110110110110110110110110110110110110110110110110110110110110110110110110110
0111111111111101101101101101101101101101101101101101101101101101101101101101101101101101101101101100
0111111111111011011011011011011011011011011011011011011011011011011011011011011011011011011011011010
0111111111110110110110110110110110110110110110110110110110110110110110110110110110110110110110110110
0111111111101101101101101101101101101101101101101101101101101101101101101101101101101101101101101100
0111111111011011011011011011011011011011011011011011011011011011011011011011011011011011011011011010
0111111110110110110110110110110110110110110110110110110110110110110110110110110110110110110110110110
0111111101101101101101101101101101101101101101101101101101101101101101101101101101101101101101101100
0111111011011011011011011011011011011011011011011011011011011011011011011011011011011011011011011010
0111110110110110110110110110110110110110110110110110110110110110110110110110110110110110110110110110
0111101101101101101101101101101101101101101101101101101101101101101101101101101101101101101101101100
0111011011011011011011011011011011011011011011011011011011011011011011011011011011011011011011011010
0110110110110110110110110110110110110110110110110110110110110110110110110110110110110110110110110110
0101101101101101101101101101101101101101101101101101101101101101101101101101101101101101101101101100
0111011011011011011011011011011011011011011011011011011011011011011011011011011011011011011011011010
