0000000000000000000000000000000000000000000000000010000000000000000000000000000000000000000000000000
0111111111111111111111111111111111111111111111111100111111111111111111111111111111111111111111111110
0000000000000000000000000000000000000000000000000101000000000000000000000000000000000000000000000010
0111111111111111111111111111111111111111111111111000011111111111111111111111111111111111111111111100
0000000000000000000000000000000000000000000000001011100000000000000000000000000000000000000000000100
0111111111111111111111111111111111111111111111110000101111111111111111111111111111111111111111111000
0000000000000000000000000000000000000000000000010111000000000000000000000000000000000000000000001010
0111111111111111111111111111111111111111111111100001011111111111111111111111111111111111111111110000
0000000000000000000000000000000000000000000000101110000000000000000000000000000000000000000000010110
0111111111111111111111111111111111111111111111000010111111111111111111111111111111111111111111100010
0000000000000000000000000000000000000000000001011100000000000000000000000000000000000000000000101100
0111111111111111111111111111111111111111111110000101111111111111111111111111111111111111111111000100
0000000000000000000000000000000000000000000010111000000000000000000000000000000000000000000001011000
0111111111111111111111111111111111111111111100001011111111111111111111111111111111111111111110001010
0000000000000000000000000000000000000000000101110000000000000000000000000000000000000000000010110000
0111111111111111111111111111111111111111111000010111111111111111111111111111111111111111111100010110
0000000000000000000000000000000000000000001011100000000000000000000000000000000000000000000101100010
0111111111111111111111111111111111111111110000101111111111111111111111111111111111111111111000101100
0000000000000000000000000000000000000000010111000000000000000000000000000000000000000000001011000100
0111111111111111111111111111111111111111100001011111111111111111111111111111111111111111110001011000
0000000000000000000000000000000000000000101110000000000000000000000000000000000000000000010110001010
0111111111111111111111111111111111111111000010111111111111111111111111111111111111111111100010110000
0000000000000000000000000000000000000001011100000000000000000000000000000000000000000000101100010110
0111111111111111111111111111111111111110000101111111111111111111111111111111111111111111000101100010
0000000000000000000000000000000000000010111000000000000000000000000000000000000000000001011000101100
0111111111111111111111111111111111111100001011111111111111111111111111111111111111111110001011000100
0000000000000000000000000000000000000101110000000000000000000000000000000000000000000010110001011000
0111111111111111111111111111111111111000010111111111111111111111111111111111111111111100010110001010
0000000000000000000000000000000000001011100000000000000000000000000000000000000000000101100010110000
0111111111111111111111111111111111110000101111111111111111111111111111111111111111111000101100010110
0000000000000000000000000000000000010111000000000000000000000000000000000000000000001011000101100010
0111111111111111111111111111111111100001011111111111111111111111111111111111111111110001011000101100
0000000000000000000000000000000000101110000000000000000000000000000000000000000000010110001011000100
0111111111111111111111111111111111000010111111111111111111111111111111111111111111100010110001011000
0000000000000000000000000000000001011100000000000000000000000000000000000000000000101100010110001010
0111111111111111111111111111111110000101111111111111111111111111111111111111111111000101100010110000
0000000000000000000000000000000010111000000000000000000000000000000000000000000001011000101100010110
0111111111111111111111111111111100001011111111111111111111111111111111111111111110001011000101100010
0000000000000000000000000000000101110000000000000000000000000000000000000000000010110001011000101100
0111111111111111111111111111111000010111111111111111111111111111111111111111111100010110001011000100
0000000000000000000000000000001011100000000000000000000000000000000000000000000101100010110001011000
0111111111111111111111111111110000101111111111111111111111111111111111111111111000101100010110001010
0000000000000000000000000000010111000000000000000000000000000000000000000000001011000101100010110000
0111111111111111111111111111100001011111111111111111111111111111111111111111110001011000101100010110
0000000000000000000000000000101110000000000000000000000000000000000000000000010110001011000101100010
0111111111111111111111111111000010111111111111111111111111111111111111111111100010110001011000101100
0000000000000000000000000001011100000000000000000000000000000000000000000000101100010110001011000100
0111111111111111111111111110000101111111111111111111111111111111111111111111000101100010110001011000
0000000000000000000000000010111000000000000000000000000000000000000000000001011000101100010110001010
0111111111111111111111111100001011111111111111111111111111111111111111111110001011000101100010110000
0000000000000000000000000101110000000000000000000000000000000000000000000010110001011000101100010110
0111111111111111111111111000010111111111111111111111111111111111111111111100010110001011000101100010
0000000000000000000000001011100000000000000000000000000000000000000000000101100010110001011000101100
0111111111111111111111110000101111111111111111111111111111111111111111111000101100010110001011000100
0000000000000000000000010111000000000000000000000000000000000000000000001011000101100010110001011000
0111111111111111111111100001011111111111111111111111111111111111111111110001011000101100010110001010
0000000000000000000000101110000000000000000000000000000000000000000000010110001011000101100010110000
0111111111111111111111000010111111111111111111111111111111111111111111100010110001011000101100010110
0000000000000000000001011100000000000000000000000000000000000000000000101100010110001011000101100010
0111111111111111111110000101111111111111111111111111111111111111111111000101100010110001011000101100
0000000000000000000010111000000000000000000000000000000000000000000001011000101100010110001011000100
0111111111111111111100001011111111111111111111111111111111111111111110001011000101100010110001011000
0000000000000000000101110000000000000000000000000000000000000000000010110001011000101100010110001010
0111111111111111111000010111111111111111111111111111111111111111111100010110001011000101100010110000
0000000000000000001011100000000000000000000000000000000000000000000101100010110001011000101100010110
0111111111111111110000101111111111111111111111111111111111111111111000101100010110001011000101100010
0000000000000000010111000000000000000000000000000000000000000000001011000101100010110001011000101100
0111111111111111100001011111111111111111111111111111111111111111110001011000101100010110001011000100
0000000000000000101110000000000000000000000000000000000000000000010110001011000101100010110001011000
0111111111111111000010111111111111111111111111111111111111111111100010110001011000101100010110001010
0000000000000001011100000000000000000000000000000000000000000000101100010110001011000101100010110000
0111111111111110000101111111111111111111111111111111111111111111000101100010110001011000101100010110
0000000000000010111000000000000000000000000000000000000000000001011000101100010110001011000101100010
0111111111111100001011111111111111111111111111111111111111111110001011000101100010110001011000101100
0000000000000101110000000000000000000000000000000000000000000010110001011000101100010110001011000100
0111111111111000010111111111111111111111111111111111111111111100010110001011000101100010110001011000
0000000000001011100000000000000000000000000000000000000000000101100010110001011000101100010110001010
0111111111110000101111111111111111111111111111111111111111111000101100010110001011000101100010110000
0000000000010111000000000000000000000000000000000000000000001011000101100010110001011000101100010110
0111111111100001011111111111111111111111111111111111111111110001011000101100010110001011000101100010
0000000000101110000000000000000000000000000000000000000000010110001011000101100010110001011000101100
0111111111000010111111111111111111111111111111111111111111100010110001011000101100010110001011000100
0000000001011100000000000000000000000000000000000000000000101100010110001011000101100010110001011000
0111111110000101111111111111111111111111111111111111111111000101100010110001011000101100010110001010
0000000010111000000000000000000000000000000000000000000001011000101100010110001011000101100010110000
0111111100001011111111111111111111111111111111111111111110001011000101100010110001011000101100010110
0000000101110000000000000000000000000000000000000000000010110001011000101100010110001011000101100010
0111111000010111111111111111111111111111111111111111111100010110001011000101100010110001011000101100
0000001011100000000000000000000000000000000000000000000101100010110001011000101100010110001011000100
0111110000101111111111111111111111111111111111111111111000101100010110001011000101100010110001011000
0000010111000000000000000000000000000000000000000000001011000101100010110001011000101100010110001010
0111100001011111111111111111111111111111111111111111110001011000101100010110001011000101100010110000
0000101110000000000000000000000000000000000000000000010110001011000101100010110001011000101100010110
0111000010111111111111111111111111111111111111111111100010110001011000101100010110001011000101100010
0001011100000000000000000000000000000000000000000000101100010110001011000101100010110001011000101100
0110000101111111111111111111111111111111111111111111000101100010110001011000101100010110001011000100
0010111000000000000000000000000000000000000000000001011000101100010110001011000101100010110001011000
0100001011111111111111111111111111111111111111111110001011000101100010110001011000101100010110001010
0001110000000000000000000000000000000000000000000010110001011000101100010110001011000101100010110000
0110010111111111111111111111111111111111111111111100010110001011000101100010110001011000101100010110
