0000000000000000000000000000000000000000000000000010000000000000000000000000000000000000000000000000
0000000000000000000000000000000000000000000000000110000000000000000000000000000000000000000000000000
0000000000000000000000000000000000000000000000001110000000000000000000000000000000000000000000000000
0000000000000000000000000000000000000000000000011110000000000000000000000000000000000000000000000000
0000000000000000000000000000000000000000000000111110000000000000000000000000000000000000000000000000
0000000000000000000000000000000000000000000001111110000000000000000000000000000000000000000000000000
0000000000000000000000000000000000000000000011111110000000000000000000000000000000000000000000000000
0000000000000000000000000000000000000000000111111110000000000000000000000000000000000000000000000000
0000000000000000000000000000000000000000001111111110000000000000000000000000000000000000000000000000
0000000000000000000000000000000000000000011111111110000000000000000000000000000000000000000000000000
0000000000000000000000000000000000000000111111111110000000000000000000000000000000000000000000000000
0000000000000000000000000000000000000001111111111110000000000000000000000000000000000000000000000000
0000000000000000000000000000000000000011111111111110000000000000000000000000000000000000000000000000
0000000000000000000000000000000000000111111111111110000000000000000000000000000000000000000000000000
0000000000000000000000000000000000001111111111111110000000000000000000000000000000000000000000000000
0000000000000000000000000000000000011111111111111110000000000000000000000000000000000000000000000000
0000000000000000000000000000000000111111111111111110000000000000000000000000000000000000000000000000
0000000000000000000000000000000001111111111111111110000000000000000000000000000000000000000000000000
0000000000000000000000000000000011111111111111111110000000000000000000000000000000000000000000000000
0000000000000000000000000000000111111111111111111110000000000000000000000000000000000000000000000000
0000000000000000000000000000001111111111111111111110000000000000000000000000000000000000000000000000
0000000000000000000000000000011111111111111111111110000000000000000000000000000000000000000000000000
0000000000000000000000000000111111111111111111111110000000000000000000000000000000000000000000000000
0000000000000000000000000001111111111111111111111110000000000000000000000000000000000000000000000000
0000000000000000000000000011111111111111111111111110000000000000000000000000000000000000000000000000
0000000000000000000000000111111111111111111111111110000000000000000000000000000000000000000000000000
0000000000000000000000001111111111111111111111111110000000000000000000000000000000000000000000000000
0000000000000000000000011111111111111111111111111110000000000000000000000000000000000000000000000000
0000000000000000000000111111111111111111111111111110000000000000000000000000000000000000000000000000
0000000000000000000001111111111111111111111111111110000000000000000000000000000000000000000000000000
0000000000000000000011111111111111111111111111111110000000000000000000000000000000000000000000000000
0000000000000000000111111111111111111111111111111110000000000000000000000000000000000000000000000000
0000000000000000001111111111111111111111111111111110000000000000000000000000000000000000000000000000
0000000000000000011111111111111111111111111111111110000000000000000000000000000000000000000000000000
0000000000000000111111111111111111111111111111111110000000000000000000000000000000000000000000000000
0000000000000001111111111111111111111111111111111110000000000000000000000000000000000000000000000000
0000000000000011111111111111111111111111111111111110000000000000000000000000000000000000000000000000
0000000000000111111111111111111111111111111111111110000000000000000000000000000000000000000000000000
0000000000001111111111111111111111111111111111111110000000000000000000000000000000000000000000000000
0000000000011111111111111111111111111111111111111110000000000000000000000000000000000000000000000000
0000000000111111111111111111111111111111111111111110000000000000000000000000000000000000000000000000
0000000001111111111111111111111111111111111111111110000000000000000000000000000000000000000000000000
0000000011111111111111111111111111111111111111111110000000000000000000000000000000000000000000000000
0000000111111111111111111111111111111111111111111110000000000000000000000000000000000000000000000000
0000001111111111111111111111111111111111111111111110000000000000000000000000000000000000000000000000
0000011111111111111111111111111111111111111111111110000000000000000000000000000000000000000000000000
0000111111111111111111111111111111111111111111111110000000000000000000000000000000000000000000000000
0001111111111111111111111111111111111111111111111110000000000000000000000000000000000000000000000000
0011111111111111111111111111111111111111111111111110000000000000000000000000000000000000000000000000
0111111111111111111111111111111111111111111111111110000000000000000000000000000000000000000000000000
0111111111111111111111111111111111111111111111111110000000000000000000000000000000000000000000000000
0111111111111111111111111111111111111111111111111110000000000000000000000000000000000000000000000000
0111111111111111111111111111111111111111111111111110000000000000000000000000000000000000000000000000
0111111111111111111111111111111111111111111111111110000000000000000000000000000000000000000000000000
0111111111111111111111111111111111111111111111111110000000000000000000000000000000000000000000000000
0111111111111111111111111111111111111111111111111110000000000000000000000000000000000000000000000000
0111111111111111111111111111111111111111111111111110000000000000000000000000000000000000000000000000
0111111111111111111111111111111111111111111111111110000000000000000000000000000000000000000000000000
0111111111111111111111111111111111111111111111111110000000000000000000000000000000000000000000000000
0111111111111111111111111111111111111111111111111110000000000000000000000000000000000000000000000000
0111111111111111111111111111111111111111111111111110000000000000000000000000000000000000000000000000
0111111111111111111111111111111111111111111111111110000000000000000000000000000000000000000000000000
0111111111111111111111111111111111111111111111111110000000000000000000000000000000000000000000000000
0111111111111111111111111111111111111111111111111110000000000000000000000000000000000000000000000000
0111111111111111111111111111111111111111111111111110000000000000000000000000000000000000000000000000
0111111111111111111111111111111111111111111111111110000000000000000000000000000000000000000000000000
0111111111111111111111111111111111111111111111111110000000000000000000000000000000000000000000000000
0111111111111111111111111111111111111111111111111110000000000000000000000000000000000000000000000000
0111111111111111111111111111111111111111111111111110000000000000000000000000000000000000000000000000
0111111111111111111111111111111111111111111111111110000000000000000000000000000000000000000000000000
0111111111111111111111111111111111111111111111111110000000000000000000000000000000000000000000000000
0111111111111111111111111111111111111111111111111110000000000000000000000000000000000000000000000000
0111111111111111111111111111111111111111111111111110000000000000000000000000000000000000000000000000
0111111111111111111111111111111111111111111111111110000000000000000000000000000000000000000000000000
0111111111111111111111111111111111111111111111111110000000000000000000000000000000000000000000000000
0111111111111111111111111111111111111111111111111110000000000000000000000000000000000000000000000000
0111111111111111111111111111111111111111111111111110000000000000000000000000000000000000000000000000
0111111111111111111111111111111111111111111111111110000000000000000000000000000000000000000000000000
0111111111111111111111111111111111111111111111111110000000000000000000000000000000000000000000000000
0111111111111111111111111111111111111111111111111110000000000000000000000000000000000000000000000000
0111111111111111111111111111111111111111111111111110000000000000000000000000000000000000000000000000
0111111111111111111111111111111111111111111111111110000000000000000000000000000000000000000000000000
0111111111111111111111111111111111111111111111111110000000000000000000000000000000000000000000000000
0111111111111111111111111111111111111111111111111110000000000000000000000000000000000000000000000000
0111111111111111111111111111111111111111111111111110000000000000000000000000000000000000000000000000
0111111111111111111111111111111111111111111111111110000000000000000000000000000000000000000000000000
0111111111111111111111111111111111111111111111111110000000000000000000000000000000000000000000000000
0111111111111111111111111111111111111111111111111110000000000000000000000000000000000000000000000000
0111111111111111111111111111111111111111111111111110000000000000000000000000000000000000000000000000
0111111111111111111111111111111111111111111111111110000000000000000000000000000000000000000000000000
0111111111111111111111111111111111111111111111111110000000000000000000000000000000000000000000000000
0111111111111111111111111111111111111111111111111110000000000000000000000000000000000000000000000000
0111111111111111111111111111111111111111111111111110000000000000000000000000000000000000000000000000
0111111111111111111111111111111111111111111111111110000000000000000000000000000000000000000000000000
0111111111111111111111111111111111111111111111111110000000000000000000000000000000000000000000000000
0111111111111111111111111111111111111111111111111110000000000000000000000000000000000000000000000000
0111111111111111111111111111111111111111111111111110000000000000000000000000000000000000000000000000
0111111111111111111111111111111111111111111111111110000000000000000000000000000000000000000000000000
0111111111111111111111111111111111111111111111111110000000000000000000000000000000000000000000000000
0111111111111111111111111111111111111111111111111110000000000000000000000000000000000000000000000000
