0000000000000000000000000000000000000000000000000010000000000000000000000000000000000000000000000000
0000000000000000000000000000000000000000000000000101000000000000000000000000000000000000000000000000
0000000000000000000000000000000000000000000000001000100000000000000000000000000000000000000000000000
0000000000000000000000000000000000000000000000010101010000000000000000000000000000000000000000000000
0000000000000000000000000000000000000000000000100000001000000000000000000000000000000000000000000000
0000000000000000000000000000000000000000000001010000010100000000000000000000000000000000000000000000
0000000000000000000000000000000000000000000010001000100010000000000000000000000000000000000000000000
0000000000000000000000000000000000000000000101010101010101000000000000000000000000000000000000000000
0000000000000000000000000000000000000000001000000000000000100000000000000000000000000000000000000000
0000000000000000000000000000000000000000010100000000000001010000000000000000000000000000000000000000
0000000000000000000000000000000000000000100010000000000010001000000000000000000000000000000000000000
0000000000000000000000000000000000000001010101000000000101010100000000000000000000000000000000000000
0000000000000000000000000000000000000010000000100000001000000010000000000000000000000000000000000000
0000000000000000000000000000000000000101000001010000010100000101000000000000000000000000000000000000
0000000000000000000000000000000000001000100010001000100010001000100000000000000000000000000000000000
0000000000000000000000000000000000010101010101010101010101010101010000000000000000000000000000000000
0000000000000000000000000000000000100000000000000000000000000000001000000000000000000000000000000000
0000000000000000000000000000000001010000000000000000000000000000010100000000000000000000000000000000
0000000000000000000000000000000010001000000000000000000000000000100010000000000000000000000000000000
0000000000000000000000000000000101010100000000000000000000000001010101000000000000000000000000000000
0000000000000000000000000000001000000010000000000000000000000010000000100000000000000000000000000000
0000000000000000000000000000010100000101000000000000000000000101000001010000000000000000000000000000
0000000000000000000000000000100010001000100000000000000000001000100010001000000000000000000000000000
0000000000000000000000000001010101010101010000000000000000010101010101010100000000000000000000000000
0000000000000000000000000010000000000000001000000000000000100000000000000010000000000000000000000000
0000000000000000000000000101000000000000010100000000000001010000000000000101000000000000000000000000
0000000000000000000000001000100000000000100010000000000010001000000000001000100000000000000000000000
0000000000000000000000010101010000000001010101000000000101010100000000010101010000000000000000000000
0000000000000000000000100000001000000010000000100000001000000010000000100000001000000000000000000000
0000000000000000000001010000010100000101000001010000010100000101000001010000010100000000000000000000
0000000000000000000010001000100010001000100010001000100010001000100010001000100010000000000000000000
0000000000000000000101010101010101010101010101010101010101010101010101010101010101000000000000000000
0000000000000000001000000000000000000000000000000000000000000000000000000000000000100000000000000000
0000000000000000010100000000000000000000000000000000000000000000000000000000000001010000000000000000
0000000000000000100010000000000000000000000000000000000000000000000000000000000010001000000000000000
0000000000000001010101000000000000000000000000000000000000000000000000000000000101010100000000000000
0000000000000010000000100000000000000000000000000000000000000000000000000000001000000010000000000000
0000000000000101000001010000000000000000000000000000000000000000000000000000010100000101000000000000
0000000000001000100010001000000000000000000000000000000000000000000000000000100010001000100000000000
0000000000010101010101010100000000000000000000000000000000000000000000000001010101010101010000000000
0000000000100000000000000010000000000000000000000000000000000000000000000010000000000000001000000000
0000000001010000000000000101000000000000000000000000000000000000000000000101000000000000010100000000
0000000010001000000000001000100000000000000000000000000000000000000000001000100000000000100010000000
0000000101010100000000010101010000000000000000000000000000000000000000010101010000000001010101000000
0000001000000010000000100000001000000000000000000000000000000000000000100000001000000010000000100000
0000010100000101000001010000010100000000000000000000000000000000000001010000010100000101000001010000
0000100010001000100010001000100010000000000000000000000000000000000010001000100010001000100010001000
0001010101010101010101010101010101000000000000000000000000000000000101010101010101010101010101010100
0010000000000000000000000000000000100000000000000000000000000000001000000000000000000000000000000010
0101000000000000000000000000000001010000000000000000000000000000010100000000000000000000000000000100
0000100000000000000000000000000010001000000000000000000000000000100010000000000000000000000000001010
0001010000000000000000000000000101010100000000000000000000000001010101000000000000000000000000010000
0010001000000000000000000000001000000010000000000000000000000010000000100000000000000000000000101000
0101010100000000000000000000010100000101000000000000000000000101000001010000000000000000000001000100
0000000010000000000000000000100010001000100000000000000000001000100010001000000000000000000010101010
0000000101000000000000000001010101010101010000000000000000010101010101010100000000000000000100000000
0000001000100000000000000010000000000000001000000000000000100000000000000010000000000000001010000000
0000010101010000000000000101000000000000010100000000000001010000000000000101000000000000010001000000
0000100000001000000000001000100000000000100010000000000010001000000000001000100000000000101010100000
0001010000010100000000010101010000000001010101000000000101010100000000010101010000000001000000010000
0010001000100010000000100000001000000010000000100000001000000010000000100000001000000010100000101000
0101010101010101000001010000010100000101000001010000010100000101000001010000010100000100010001000100
0000000000000000100010001000100010001000100010001000100010001000100010001000100010001010101010101010
0000000000000001010101010101010101010101010101010101010101010101010101010101010101010000000000000000
0000000000000010000000000000000000000000000000000000000000000000000000000000000000001000000000000000
0000000000000101000000000000000000000000000000000000000000000000000000000000000000010100000000000000
0000000000001000100000000000000000000000000000000000000000000000000000000000000000100010000000000000
0000000000010101010000000000000000000000000000000000000000000000000000000000000001010101000000000000
0000000000100000001000000000000000000000000000000000000000000000000000000000000010000000100000000000
0000000001010000010100000000000000000000000000000000000000000000000000000000000101000001010000000000
0000000010001000100010000000000000000000000000000000000000000000000000000000001000100010001000000000
0000000101010101010101000000000000000000000000000000000000000000000000000000010101010101010100000000
0000001000000000000000100000000000000000000000000000000000000000000000000000100000000000000010000000
0000010100000000000001010000000000000000000000000000000000000000000000000001010000000000000101000000
0000100010000000000010001000000000000000000000000000000000000000000000000010001000000000001000100000
0001010101000000000101010100000000000000000000000000000000000000000000000101010100000000010101010000
0010000000100000001000000010000000000000000000000000000000000000000000001000000010000000100000001000
0101000001010000010100000101000000000000000000000000000000000000000000010100000101000001010000010100
0000100010001000100010001000100000000000000000000000000000000000000000100010001000100010001000100010
0001010101010101010101010101010000000000000000000000000000000000000001010101010101010101010101010100
0010000000000000000000000000001000000000000000000000000000000000000010000000000000000000000000000010
0101000000000000000000000000010100000000000000000000000000000000000101000000000000000000000000000100
0000100000000000000000000000100010000000000000000000000000000000001000100000000000000000000000001010
0001010000000000000000000001010101000000000000000000000000000000010101010000000000000000000000010000
0010001000000000000000000010000000100000000000000000000000000000100000001000000000000000000000101000
0101010100000000000000000101000001010000000000000000000000000001010000010100000000000000000001000100
0000000010000000000000001000100010001000000000000000000000000010001000100010000000000000000010101010
0000000101000000000000010101010101010100000000000000000000000101010101010101000000000000000100000000
0000001000100000000000100000000000000010000000000000000000001000000000000000100000000000001010000000
0000010101010000000001010000000000000101000000000000000000010100000000000001010000000000010001000000
0000100000001000000010001000000000001000100000000000000000100010000000000010001000000000101010100000
0001010000010100000101010100000000010101010000000000000001010101000000000101010100000001000000010000
0010001000100010001000000010000000100000001000000000000010000000100000001000000010000010100000101000
0101010101010101010100000101000001010000010100000000000101000001010000010100000101000100010001000100
0000000000000000000010001000100010001000100010000000001000100010001000100010001000101010101010101010
0000000000000000000101010101010101010101010101000000010101010101010101010101010101000000000000000000
0000000000000000001000000000000000000000000000100000100000000000000000000000000000100000000000000000
0000000000000000010100000000000000000000000001010001010000000000000000000000000001010000000000000000
0000000000000000100010000000000000000000000010001010001000000000000000000000000010001000000000000000
0000000000000001010101000000000000000000000101010001010100000000000000000000000101010100000000000000
