0000000000000000000000000000000000000000000000000010000000000000000000000000000000000000000000000000
0111111111111111111111111111111111111111111111111101111111111111111111111111111111111111111111111110
0000000000000000000000000000000000000000000000000100000000000000000000000000000000000000000000000010
0111111111111111111111111111111111111111111111111011111111111111111111111111111111111111111111111100
0000000000000000000000000000000000000000000000001000000000000000000000000000000000000000000000000110
0111111111111111111111111111111111111111111111110111111111111111111111111111111111111111111111111010
0000000000000000000000000000000000000000000000010000000000000000000000000000000000000000000000001000
0111111111111111111111111111111111111111111111101111111111111111111111111111111111111111111111110110
0000000000000000000000000000000000000000000000100000000000000000000000000000000000000000000000010010
0111111111111111111111111111111111111111111111011111111111111111111111111111111111111111111111101100
0000000000000000000000000000000000000000000001000000000000000000000000000000000000000000000000100110
0111111111111111111111111111111111111111111110111111111111111111111111111111111111111111111111011010
0000000000000000000000000000000000000000000010000000000000000000000000000000000000000000000001001000
0111111111111111111111111111111111111111111101111111111111111111111111111111111111111111111110110110
0000000000000000000000000000000000000000000100000000000000000000000000000000000000000000000010010010
0111111111111111111111111111111111111111111011111111111111111111111111111111111111111111111101101100
0000000000000000000000000000000000000000001000000000000000000000000000000000000000000000000100100110
0111111111111111111111111111111111111111110111111111111111111111111111111111111111111111111011011010
0000000000000000000000000000000000000000010000000000000000000000000000000000000000000000001001001000
0111111111111111111111111111111111111111101111111111111111111111111111111111111111111111110110110110
0000000000000000000000000000000000000000100000000000000000000000000000000000000000000000010010010010
0111111111111111111111111111111111111111011111111111111111111111111111111111111111111111101101101100
0000000000000000000000000000000000000001000000000000000000000000000000000000000000000000100100100110
0111111111111111111111111111111111111110111111111111111111111111111111111111111111111111011011011010
0000000000000000000000000000000000000010000000000000000000000000000000000000000000000001001001001000
0111111111111111111111111111111111111101111111111111111111111111111111111111111111111110110110110110
0000000000000000000000000000000000000100000000000000000000000000000000000000000000000010010010010010
0111111111111111111111111111111111111011111111111111111111111111111111111111111111111101101101101100
0000000000000000000000000000000000001000000000000000000000000000000000000000000000000100100100100110
0111111111111111111111111111111111110111111111111111111111111111111111111111111111111011011011011010
0000000000000000000000000000000000010000000000000000000000000000000000000000000000001001001001001000
0111111111111111111111111111111111101111111111111111111111111111111111111111111111110110110110110110
0000000000000000000000000000000000100000000000000000000000000000000000000000000000010010010010010010
0111111111111111111111111111111111011111111111111111111111111111111111111111111111101101101101101100
0000000000000000000000000000000001000000000000000000000000000000000000000000000000100100100100100110
0111111111111111111111111111111110111111111111111111111111111111111111111111111111011011011011011010
0000000000000000000000000000000010000000000000000000000000000000000000000000000001001001001001001000
0111111111111111111111111111111101111111111111111111111111111111111111111111111110110110110110110110
0000000000000000000000000000000100000000000000000000000000000000000000000000000010010010010010010010
0111111111111111111111111111111011111111111111111111111111111111111111111111111101101101101101101100
0000000000000000000000000000001000000000000000000000000000000000000000000000000100100100100100100110
0111111111111111111111111111110111111111111111111111111111111111111111111111111011011011011011011010
0000000000000000000000000000010000000000000000000000000000000000000000000000001001001001001001001000
0111111111111111111111111111101111111111111111111111111111111111111111111111110110110110110110110110
0000000000000000000000000000100000000000000000000000000000000000000000000000010010010010010010010010
0111111111111111111111111111011111111111111111111111111111111111111111111111101101101101101101101100
0000000000000000000000000001000000000000000000000000000000000000000000000000100100100100100100100110
0111111111111111111111111110111111111111111111111111111111111111111111111111011011011011011011011010
0000000000000000000000000010000000000000000000000000000000000000000000000001001001001001001001001000
0111111111111111111111111101111111111111111111111111111111111111111111111110110110110110110110110110
0000000000000000000000000100000000000000000000000000000000000000000000000010010010010010010010010010
0111111111111111111111111011111111111111111111111111111111111111111111111101101101101101101101101100
0000000000000000000000001000000000000000000000000000000000000000000000000100100100100100100100100110
0111111111111111111111110111111111111111111111111111111111111111111111111011011011011011011011011010
0000000000000000000000010000000000000000000000000000000000000000000000001001001001001001001001001000
0111111111111111111111101111111111111111111111111111111111111111111111110110110110110110110110110110
0000000000000000000000100000000000000000000000000000000000000000000000010010010010010010010010010010
0111111111111111111111011111111111111111111111111111111111111111111111101101101101101101101101101100
0000000000000000000001000000000000000000000000000000000000000000000000100100100100100100100100100110
0111111111111111111110111111111111111111111111111111111111111111111111011011011011011011011011011010
0000000000000000000010000000000000000000000000000000000000000000000001001001001001001001001001001000
0111111111111111111101111111111111111111111111111111111111111111111110110110110110110110110110110110
0000000000000000000100000000000000000000000000000000000000000000000010010010010010010010010010010010
0111111111111111111011111111111111111111111111111111111111111111111101101101101101101101101101101100
0000000000000000001000000000000000000000000000000000000000000000000100100100100100100100100100100110
0111111111111111110111111111111111111111111111111111111111111111111011011011011011011011011011011010
0000000000000000010000000000000000000000000000000000000000000000001001001001001001001001001001001000
0111111111111111101111111111111111111111111111111111111111111111110110110110110110110110110110110110
0000000000000000100000000000000000000000000000000000000000000000010010010010010010010010010010010010
0111111111111111011111111111111111111111111111111111111111111111101101101101101101101101101101101100
0000000000000001000000000000000000000000000000000000000000000000100100100100100100100100100100100110
0111111111111110111111111111111111111111111111111111111111111111011011011011011011011011011011011010
0000000000000010000000000000000000000000000000000000000000000001001001001001001001001001001001001000
0111111111111101111111111111111111111111111111111111111111111110110110110110110110110110110110110110
0000000000000100000000000000000000000000000000000000000000000010010010010010010010010010010010010010
0111111111111011111111111111111111111111111111111111111111111101101101101101101101101101101101101100
0000000000001000000000000000000000000000000000000000000000000100100100100100100100100100100100100110
0111111111110111111111111111111111111111111111111111111111111011011011011011011011011011011011011010
0000000000010000000000000000000000000000000000000000000000001001001001001001001001001001001001001000
0111111111101111111111111111111111111111111111111111111111110110110110110110110110110110110110110110
0000000000100000000000000000000000000000000000000000000000010010010010010010010010010010010010010010
0111111111011111111111111111111111111111111111111111111111101101101101101101101101101101101101101100
0000000001000000000000000000000000000000000000000000000000100100100100100100100100100100100100100110
0111111110111111111111111111111111111111111111111111111111011011011011011011011011011011011011011010
0000000010000000000000000000000000000000000000000000000001001001001001001001001001001001001001001000
0111111101111111111111111111111111111111111111111111111110110110110110110110110110110110110110110110
0000000100000000000000000000000000000000000000000000000010010010010010010010010010010010010010010010
0111111011111111111111111111111111111111111111111111111101101101101101101101101101101101101101101100
0000001000000000000000000000000000000000000000000000000100100100100100100100100100100100100100100110
0111110111111111111111111111111111111111111111111111111011011011011011011011011011011011011011011010
0000010000000000000000000000000000000000000000000000001001001001001001001001001001001001001001001000
0111101111111111111111111111111111111111111111111111110110110110110110110110110110110110110110110110
0000100000000000000000000000000000000000000000000000010010010010010010010010010010010010010010010010
0111011111111111111111111111111111111111111111111111101101101101101101101101101101101101101101101100
0001000000000000000000000000000000000000000000000000100100100100100100100100100100100100100100100110
0110111111111111111111111111111111111111111111111111011011011011011011011011011011011011011011011010
0010000000000000000000000000000000000000000000000001001001001001001001001001001001001001001001001000
0101111111111111111111111111111111111111111111111110110110110110110110110110110110110110110110110110
0000000000000000000000000000000000000000000000000010010010010010010010010010010010010010010010010010
0111111111111111111111111111111111111111111111111101101101101101101101101101101101101101101101101100
