0000000000000000000000000000000000000000000000000010000000000000000000000000000000000000000000000000
0111111111111111111111111111111111111111111111111001111111111111111111111111111111111111111111111110
0000000000000000000000000000000000000000000000000100000000000000000000000000000000000000000000000000
0111111111111111111111111111111111111111111111110011111111111111111111111111111111111111111111111110
0000000000000000000000000000000000000000000000001000000000000000000000000000000000000000000000000000
0111111111111111111111111111111111111111111111100111111111111111111111111111111111111111111111111110
0000000000000000000000000000000000000000000000010000000000000000000000000000000000000000000000000000
0111111111111111111111111111111111111111111111001111111111111111111111111111111111111111111111111110
0000000000000000000000000000000000000000000000100000000000000000000000000000000000000000000000000000
0111111111111111111111111111111111111111111110011111111111111111111111111111111111111111111111111110
0000000000000000000000000000000000000000000001000000000000000000000000000000000000000000000000000000
0111111111111111111111111111111111111111111100111111111111111111111111111111111111111111111111111110
0000000000000000000000000000000000000000000010000000000000000000000000000000000000000000000000000000
0111111111111111111111111111111111111111111001111111111111111111111111111111111111111111111111111110
0000000000000000000000000000000000000000000100000000000000000000000000000000000000000000000000000000
0111111111111111111111111111111111111111110011111111111111111111111111111111111111111111111111111110
0000000000000000000000000000000000000000001000000000000000000000000000000000000000000000000000000000
0111111111111111111111111111111111111111100111111111111111111111111111111111111111111111111111111110
0000000000000000000000000000000000000000010000000000000000000000000000000000000000000000000000000000
0111111111111111111111111111111111111111001111111111111111111111111111111111111111111111111111111110
0000000000000000000000000000000000000000100000000000000000000000000000000000000000000000000000000000
0111111111111111111111111111111111111110011111111111111111111111111111111111111111111111111111111110
0000000000000000000000000000000000000001000000000000000000000000000000000000000000000000000000000000
0111111111111111111111111111111111111100111111111111111111111111111111111111111111111111111111111110
0000000000000000000000000000000000000010000000000000000000000000000000000000000000000000000000000000
0111111111111111111111111111111111111001111111111111111111111111111111111111111111111111111111111110
0000000000000000000000000000000000000100000000000000000000000000000000000000000000000000000000000000
0111111111111111111111111111111111110011111111111111111111111111111111111111111111111111111111111110
0000000000000000000000000000000000001000000000000000000000000000000000000000000000000000000000000000
0111111111111111111111111111111111100111111111111111111111111111111111111111111111111111111111111110
0000000000000000000000000000000000010000000000000000000000000000000000000000000000000000000000000000
0111111111111111111111111111111111001111111111111111111111111111111111111111111111111111111111111110
0000000000000000000000000000000000100000000000000000000000000000000000000000000000000000000000000000
0111111111111111111111111111111110011111111111111111111111111111111111111111111111111111111111111110
0000000000000000000000000000000001000000000000000000000000000000000000000000000000000000000000000000
0111111111111111111111111111111100111111111111111111111111111111111111111111111111111111111111111110
0000000000000000000000000000000010000000000000000000000000000000000000000000000000000000000000000000
0111111111111111111111111111111001111111111111111111111111111111111111111111111111111111111111111110
0000000000000000000000000000000100000000000000000000000000000000000000000000000000000000000000000000
0111111111111111111111111111110011111111111111111111111111111111111111111111111111111111111111111110
0000000000000000000000000000001000000000000000000000000000000000000000000000000000000000000000000000
0111111111111111111111111111100111111111111111111111111111111111111111111111111111111111111111111110
0000000000000000000000000000010000000000000000000000000000000000000000000000000000000000000000000000
0111111111111111111111111111001111111111111111111111111111111111111111111111111111111111111111111110
0000000000000000000000000000100000000000000000000000000000000000000000000000000000000000000000000000
0111111111111111111111111110011111111111111111111111111111111111111111111111111111111111111111111110
0000000000000000000000000001000000000000000000000000000000000000000000000000000000000000000000000000
0111111111111111111111111100111111111111111111111111111111111111111111111111111111111111111111111110
0000000000000000000000000010000000000000000000000000000000000000000000000000000000000000000000000000
0111111111111111111111111001111111111111111111111111111111111111111111111111111111111111111111111110
0000000000000000000000000100000000000000000000000000000000000000000000000000000000000000000000000000
0111111111111111111111110011111111111111111111111111111111111111111111111111111111111111111111111110
0000000000000000000000001000000000000000000000000000000000000000000000000000000000000000000000000000
0111111111111111111111100111111111111111111111111111111111111111111111111111111111111111111111111110
0000000000000000000000010000000000000000000000000000000000000000000000000000000000000000000000000000
0111111111111111111111001111111111111111111111111111111111111111111111111111111111111111111111111110
0000000000000000000000100000000000000000000000000000000000000000000000000000000000000000000000000000
0111111111111111111110011111111111111111111111111111111111111111111111111111111111111111111111111110
0000000000000000000001000000000000000000000000000000000000000000000000000000000000000000000000000000
0111111111111111111100111111111111111111111111111111111111111111111111111111111111111111111111111110
0000000000000000000010000000000000000000000000000000000000000000000000000000000000000000000000000000
0111111111111111111001111111111111111111111111111111111111111111111111111111111111111111111111111110
0000000000000000000100000000000000000000000000000000000000000000000000000000000000000000000000000000
0111111111111111110011111111111111111111111111111111111111111111111111111111111111111111111111111110
0000000000000000001000000000000000000000000000000000000000000000000000000000000000000000000000000000
0111111111111111100111111111111111111111111111111111111111111111111111111111111111111111111111111110
0000000000000000010000000000000000000000000000000000000000000000000000000000000000000000000000000000
0111111111111111001111111111111111111111111111111111111111111111111111111111111111111111111111111110
0000000000000000100000000000000000000000000000000000000000000000000000000000000000000000000000000000
0111111111111110011111111111111111111111111111111111111111111111111111111111111111111111111111111110
0000000000000001000000000000000000000000000000000000000000000000000000000000000000000000000000000000
0111111111111100111111111111111111111111111111111111111111111111111111111111111111111111111111111110
0000000000000010000000000000000000000000000000000000000000000000000000000000000000000000000000000000
0111111111111001111111111111111111111111111111111111111111111111111111111111111111111111111111111110
0000000000000100000000000000000000000000000000000000000000000000000000000000000000000000000000000000
0111111111110011111111111111111111111111111111111111111111111111111111111111111111111111111111111110
0000000000001000000000000000000000000000000000000000000000000000000000000000000000000000000000000000
0111111111100111111111111111111111111111111111111111111111111111111111111111111111111111111111111110
0000000000010000000000000000000000000000000000000000000000000000000000000000000000000000000000000000
0111111111001111111111111111111111111111111111111111111111111111111111111111111111111111111111111110
0000000000100000000000000000000000000000000000000000000000000000000000000000000000000000000000000000
0111111110011111111111111111111111111111111111111111111111111111111111111111111111111111111111111110
0000000001000000000000000000000000000000000000000000000000000000000000000000000000000000000000000000
0111111100111111111111111111111111111111111111111111111111111111111111111111111111111111111111111110
0000000010000000000000000000000000000000000000000000000000000000000000000000000000000000000000000000
0111111001111111111111111111111111111111111111111111111111111111111111111111111111111111111111111110
0000000100000000000000000000000000000000000000000000000000000000000000000000000000000000000000000000
0111110011111111111111111111111111111111111111111111111111111111111111111111111111111111111111111110
0000001000000000000000000000000000000000000000000000000000000000000000000000000000000000000000000000
0111100111111111111111111111111111111111111111111111111111111111111111111111111111111111111111111110
0000010000000000000000000000000000000000000000000000000000000000000000000000000000000000000000000000
0111001111111111111111111111111111111111111111111111111111111111111111111111111111111111111111111110
0000100000000000000000000000000000000000000000000000000000000000000000000000000000000000000000000000
0110011111111111111111111111111111111111111111111111111111111111111111111111111111111111111111111110
0001000000000000000000000000000000000000000000000000000000000000000000000000000000000000000000000000
0100111111111111111111111111111111111111111111111111111111111111111111111111111111111111111111111110
0010000000000000000000000000000000000000000000000000000000000000000000000000000000000000000000000000
0001111111111111111111111111111111111111111111111111111111111111111111111111111111111111111111111110
0100000000000000000000000000000000000000000000000000000000000000000000000000000000000000000000000000
0011111111111111111111111111111111111111111111111111111111111111111111111111111111111111111111111110
