0000000000000000000000000000000000000000000000000010000000000000000000000000000000000000000000000000
0000000000000000000000000000000000000000000000000111000000000000000000000000000000000000000000000000
0000000000000000000000000000000000000000000000001001100000000000000000000000000000000000000000000000
0000000000000000000000000000000000000000000000011110110000000000000000000000000000000000000000000000
0000000000000000000000000000000000000000000000100010011000000000000000000000000000000000000000000000
0000000000000000000000000000000000000000000001110111101100000000000000000000000000000000000000000000
0000000000000000000000000000000000000000000010010000100110000000000000000000000000000000000000000000
0000000000000000000000000000000000000000000111111001111011000000000000000000000000000000000000000000
0000000000000000000000000000000000000000001000001110001001100000000000000000000000000000000000000000
0000000000000000000000000000000000000000011100010011011110110000000000000000000000000000000000000000
0000000000000000000000000000000000000000100110111101000010011000000000000000000000000000000000000000
0000000000000000000000000000000000000001111010000101100111101100000000000000000000000000000000000000
0000000000000000000000000000000000000010001011001100111000100110000000000000000000000000000000000000
0000000000000000000000000000000000000111011001110111001101111011000000000000000000000000000000000000
0000000000000000000000000000000000001001001110010001110100001001100000000000000000000000000000000000
0000000000000000000000000000000000011111110011111010010110011110110000000000000000000000000000000000
0000000000000000000000000000000000100000011100001011110011100010011000000000000000000000000000000000
0000000000000000000000000000000001110000100110011000011100110111101100000000000000000000000000000000
0000000000000000000000000000000010011001111011101100100111010000100110000000000000000000000000000000
0000000000000000000000000000000111101110001000100111111001011001111011000000000000000000000000000000
0000000000000000000000000000001000100011011101111000001111001110001001100000000000000000000000000000
0000000000000000000000000000011101110101000100001100010001110011011110110000000000000000000000000000
0000000000000000000000000000100100010101101110010110111010011101000010011000000000000000000000000000
0000000000000000000000000001111110110100100011110010001011100101100111101100000000000000000000000000
0000000000000000000000000010000010010111110100011111011000111100111000100110000000000000000000000000
0000000000000000000000000111000111110000010110100001001101000111001101111011000000000000000000000000
0000000000000000000000001001101000011000110010110011110101101001110100001001100000000000000000000000
0000000000000000000000011110101100101101011110011100010100101110010110011110110000000000000000000000
0000000000000000000000100010100111100101000011100110110111100011110011100010011000000000000000000000
0000000000000000000001110110111000111101100100111010010000110100011100110111101100000000000000000000
0000000000000000000010010010001101000100111111001011111001010110100111010000100110000000000000000000
0000000000000000000111111111010101101111000001111000001111010010111001011001111011000000000000000000
0000000000000000001000000001010100100001100010001100010001011110001111001110001001100000000000000000
0000000000000000011100000011010111110010110111010110111011000011010001110011011110110000000000000000
0000000000000000100110000101010000011110010001010010001001100101011010011101000010011000000000000000
0000000000000001111011001101011000100011111011011111011110111101001011100101100111101100000000000000
0000000000000010001001110101001101110100001001000001000010000101111000111100111000100110000000000000
0000000000000111011110010101110100010110011111100011100111001100001101000111001101111011000000000000
0000000000001001000011110100010110110011100000110100111001110110010101101001110100001001100000000000
0000000000011111100100010110110010011100110001010111001110010011110100101110010110011110110000000000
0000000000100000111110110010011111100111011011010001110011111100010111100011110011100010011000000000
0000000001110001000010011111100000111001001001011010011100000110110000110100011100110111101100000000
0000000010011011100111100000110001001111111111001011100110001010011001010110100111010000100110000000
0000000111101000111000110001011011110000000001111000111011011011101111010010111001011001111011000000
0000001000101101001101011011001000011000000010001101001001001000100001011110001111001110001001100000
0000011101100101110101001001111100101100000111010101111111111101110011000011010001110011011110110000
0000100100111100010101111110000111100110001001010100000000000100011101100101011010011101000010011000
0001111111000110110100000011001000111011011111010110000000001110100100111101001011100101100111101100
0010000001101010010110000101111101001001000001010011000000010010111111000101111000111100111000100110
0111000010101011110011001100000101111111100011011101100000111110000001101100001101000111001101111010
0001100110101000011101110110001100000000110101000100110001000011000010100110010101101001110100001010
0010111010101100100100010011010110000001010101101111011011100101100110111011110100101110010110011010
0110001010100111111110111101010011000011010100100001001000111100111010001000010111100011110011101010
0011011010111000000010000101011101100101010111110011111101000111001011011100110000110100011100101010
0101001010001100000111001101000100111101010000011100000101101001111001000111011001010110100111101010
0101111011010110001001110101101111000101011000100110001100101110001111101001001111010010111000101010
0100001001010011011110010100100001101101001101111011010111100011010000101111110001011110001101101010
0110011111011101000011110111110010100101110100001001010000110101011001100000011011000011010100101010
0011100001000101100100010000011110111100010110011111011001010101001110110000101001100101010111101010
0100110011101100111110111000100010000110110011100001001111010101110010011001101110111101010000101010
0111011100100111000010001101110111001010011100110011110001010100011111101110100010000101011001101010
0001000111111001100111010100010001111011100111011100011011010110100000100010110111001101001110101010
0011101000001110111001010110111010001000111001000110101001010010110001110110010001110101110010101010
0100101100010010001111010010001011011101001111101010101111011110011010010011111010010100011110101010
0111100110111111010001011111011001000101110000101010100001000011101011111100001011110110100010101010
0000111010000001011011000001001111101100011001101010110011100100101000000110011000010010110110101010
0001001011000011001001100011110000100110101110101010011100111111101100001011101100111110010010101010
0011111001100101111110110100011001111010100010101011100111000000100110011000100111000011111110101010
0100001110111100000010010110101110001010110110101000111001100001111011101101111001100100000010101010
0110010010000110000111110010100011011010010010101101001110110010001000100100001110111110000110101010
0011111111001011001000011110110101001011111110100101110010011111011101111110010010000011001010101010
0100000001111001111100100010010101111000000010111100011111100001000100000011111111000101111010101010
0110000010001110000111110111110100001100000110000110100000110011101110000100000001101100001010101010
0011000111010011001000010000010110010110001011001010110001011100100011001110000010100110011010101010
0101101001011101111100111000110011110011011001111010011011000111110101110011000110111011101010101010
0100101111000100000111001101011100011101001110001011101001101000010100011101101010001000101010101010
0111100001101110001001110101000110100101110011011000101110101100110110100100101011011101101010101010
0000110010100011011110010101101010111100011101001101100010100111010010111111101001000100101010101010
0001011110110101000011110100101010000110100101110100110110111001011110000000101111101111101010101010
0011000010010101100100010111101011001010111100010111010010001111000011000001100000100000101010101010
0101100111110100111110110000101001111010000110110001011111010001100101100010110001110001101010101010
0100111000010111000010011001101110001011001010011011000001011010111100110110011010011010101010101010
0111001100110001100111101110100011011001111011101001100011001010000111010011101011101010101010101010
0001110111011010111000100010110101001110001000101110110101111011001001011100101000101010101010101010
0010010001001010001101110110010101110011011101100010010100001001111111000111101101101010101010101010
0111111011111011010100010011110100011101000100110111110110011110000001101000100100101010101010101010
0000001000001001010110111100010110100101101111010000010011100011000010101101111111101010101010101010
0000011100011111010010000110110010111100100001011000111100110101100110100100000000101010101010101010
0000100110100001011111001010011110000111110011001101000111010100111010111110000001101010101010101010
0001111010110011000001111011100011001000011101110101101001010111001010000011000010101010101010101010
0010001010011101100010001000110101111100100100010100101111010001111011000101100110101010101010101010
0111011011100100110111011101010100000111111110110111100001011010001001101100111010101010101010101010
0001001000111111010001000101010110001000000010010000110011001011011110100111001010101010101010101010
0011111101000001011011101101010011011100000111111001011101111001000010111001111010101010101010101010
0100000101100011001000100101011101000110001000001111000100001111100110001110001010101010101010101010
0110001100110101111101111101000101101011011100010001101110010000111011010011011010101010101010101010
0011010111010100000100000101101100101001000110111010100011111001001001011101001010101010101010101010
0101010001010110001110001100100111101111101010001010110100001111111111000101111010101010101010101010
0101011011010011010011010111111000100000101011011010010110010000000001101100001010101010101010101010
0101001001011101011101010000001101110001101001001011110011111000000010100110011010101010101010101010
