0000000000000000000000000000000000000000000000000010000000000000000000000000000000000000000000000000
0111111111111111111111111111111111111111111111111010111111111111111111111111111111111111111111111110
0000000000000000000000000000000000000000000000000111000000000000000000000000000000000000000000000000
0111111111111111111111111111111111111111111111110000011111111111111111111111111111111111111111111110
0000000000000000000000000000000000000000000000000111000000000000000000000000000000000000000000000000
0111111111111111111111111111111111111111111111110000011111111111111111111111111111111111111111111110
0000000000000000000000000000000000000000000000000111000000000000000000000000000000000000000000000000
0111111111111111111111111111111111111111111111110000011111111111111111111111111111111111111111111110
0000000000000000000000000000000000000000000000000111000000000000000000000000000000000000000000000000
0111111111111111111111111111111111111111111111110000011111111111111111111111111111111111111111111110
0000000000000000000000000000000000000000000000000111000000000000000000000000000000000000000000000000
0111111111111111111111111111111111111111111111110000011111111111111111111111111111111111111111111110
0000000000000000000000000000000000000000000000000111000000000000000000000000000000000000000000000000
0111111111111111111111111111111111111111111111110000011111111111111111111111111111111111111111111110
0000000000000000000000000000000000000000000000000111000000000000000000000000000000000000000000000000
0111111111111111111111111111111111111111111111110000011111111111111111111111111111111111111111111110
0000000000000000000000000000000000000000000000000111000000000000000000000000000000000000000000000000
0111111111111111111111111111111111111111111111110000011111111111111111111111111111111111111111111110
0000000000000000000000000000000000000000000000000111000000000000000000000000000000000000000000000000
0111111111111111111111111111111111111111111111110000011111111111111111111111111111111111111111111110
0000000000000000000000000000000000000000000000000111000000000000000000000000000000000000000000000000
0111111111111111111111111111111111111111111111110000011111111111111111111111111111111111111111111110
0000000000000000000000000000000000000000000000000111000000000000000000000000000000000000000000000000
0111111111111111111111111111111111111111111111110000011111111111111111111111111111111111111111111110
0000000000000000000000000000000000000000000000000111000000000000000000000000000000000000000000000000
0111111111111111111111111111111111111111111111110000011111111111111111111111111111111111111111111110
0000000000000000000000000000000000000000000000000111000000000000000000000000000000000000000000000000
0111111111111111111111111111111111111111111111110000011111111111111111111111111111111111111111111110
0000000000000000000000000000000000000000000000000111000000000000000000000000000000000000000000000000
0111111111111111111111111111111111111111111111110000011111111111111111111111111111111111111111111110
0000000000000000000000000000000000000000000000000111000000000000000000000000000000000000000000000000
0111111111111111111111111111111111111111111111110000011111111111111111111111111111111111111111111110
0000000000000000000000000000000000000000000000000111000000000000000000000000000000000000000000000000
0111111111111111111111111111111111111111111111110000011111111111111111111111111111111111111111111110
0000000000000000000000000000000000000000000000000111000000000000000000000000000000000000000000000000
0111111111111111111111111111111111111111111111110000011111111111111111111111111111111111111111111110
0000000000000000000000000000000000000000000000000111000000000000000000000000000000000000000000000000
0111111111111111111111111111111111111111111111110000011111111111111111111111111111111111111111111110
0000000000000000000000000000000000000000000000000111000000000000000000000000000000000000000000000000
0111111111111111111111111111111111111111111111110000011111111111111111111111111111111111111111111110
0000000000000000000000000000000000000000000000000111000000000000000000000000000000000000000000000000
0111111111111111111111111111111111111111111111110000011111111111111111111111111111111111111111111110
0000000000000000000000000000000000000000000000000111000000000000000000000000000000000000000000000000
0111111111111111111111111111111111111111111111110000011111111111111111111111111111111111111111111110
0000000000000000000000000000000000000000000000000111000000000000000000000000000000000000000000000000
0111111111111111111111111111111111111111111111110000011111111111111111111111111111111111111111111110
0000000000000000000000000000000000000000000000000111000000000000000000000000000000000000000000000000
0111111111111111111111111111111111111111111111110000011111111111111111111111111111111111111111111110
0000000000000000000000000000000000000000000000000111000000000000000000000000000000000000000000000000
0111111111111111111111111111111111111111111111110000011111111111111111111111111111111111111111111110
0000000000000000000000000000000000000000000000000111000000000000000000000000000000000000000000000000
0111111111111111111111111111111111111111111111110000011111111111111111111111111111111111111111111110
0000000000000000000000000000000000000000000000000111000000000000000000000000000000000000000000000000
0111111111111111111111111111111111111111111111110000011111111111111111111111111111111111111111111110
0000000000000000000000000000000000000000000000000111000000000000000000000000000000000000000000000000
0111111111111111111111111111111111111111111111110000011111111111111111111111111111111111111111111110
0000000000000000000000000000000000000000000000000111000000000000000000000000000000000000000000000000
0111111111111111111111111111111111111111111111110000011111111111111111111111111111111111111111111110
0000000000000000000000000000000000000000000000000111000000000000000000000000000000000000000000000000
0111111111111111111111111111111111111111111111110000011111111111111111111111111111111111111111111110
0000000000000000000000000000000000000000000000000111000000000000000000000000000000000000000000000000
0111111111111111111111111111111111111111111111110000011111111111111111111111111111111111111111111110
0000000000000000000000000000000000000000000000000111000000000000000000000000000000000000000000000000
0111111111111111111111111111111111111111111111110000011111111111111111111111111111111111111111111110
0000000000000000000000000000000000000000000000000111000000000000000000000000000000000000000000000000
0111111111111111111111111111111111111111111111110000011111111111111111111111111111111111111111111110
0000000000000000000000000000000000000000000000000111000000000000000000000000000000000000000000000000
0111111111111111111111111111111111111111111111110000011111111111111111111111111111111111111111111110
0000000000000000000000000000000000000000000000000111000000000000000000000000000000000000000000000000
0111111111111111111111111111111111111111111111110000011111111111111111111111111111111111111111111110
0000000000000000000000000000000000000000000000000111000000000000000000000000000000000000000000000000
0111111111111111111111111111111111111111111111110000011111111111111111111111111111111111111111111110
0000000000000000000000000000000000000000000000000111000000000000000000000000000000000000000000000000
0111111111111111111111111111111111111111111111110000011111111111111111111111111111111111111111111110
0000000000000000000000000000000000000000000000000111000000000000000000000000000000000000000000000000
0111111111111111111111111111111111111111111111110000011111111111111111111111111111111111111111111110
0000000000000000000000000000000000000000000000000111000000000000000000000000000000000000000000000000
0111111111111111111111111111111111111111111111110000011111111111111111111111111111111111111111111110
0000000000000000000000000000000000000000000000000111000000000000000000000000000000000000000000000000
0111111111111111111111111111111111111111111111110000011111111111111111111111111111111111111111111110
0000000000000000000000000000000000000000000000000111000000000000000000000000000000000000000000000000
0111111111111111111111111111111111111111111111110000011111111111111111111111111111111111111111111110
0000000000000000000000000000000000000000000000000111000000000000000000000000000000000000000000000000
0111111111111111111111111111111111111111111111110000011111111111111111111111111111111111111111111110
0000000000000000000000000000000000000000000000000111000000000000000000000000000000000000000000000000
0111111111111111111111111111111111111111111111110000011111111111111111111111111111111111111111111110
0000000000000000000000000000000000000000000000000111000000000000000000000000000000000000000000000000
0111111111111111111111111111111111111111111111110000011111111111111111111111111111111111111111111110
0000000000000000000000000000000000000000000000000111000000000000000000000000000000000000000000000000
0111111111111111111111111111111111111111111111110000011111111111111111111111111111111111111111111110
0000000000000000000000000000000000000000000000000111000000000000000000000000000000000000000000000000
0111111111111111111111111111111111111111111111110000011111111111111111111111111111111111111111111110
0000000000000000000000000000000000000000000000000111000000000000000000000000000000000000000000000000
0111111111111111111111111111111111111111111111110000011111111111111111111111111111111111111111111110
0000000000000000000000000000000000000000000000000111000000000000000000000000000000000000000000000000
0111111111111111111111111111111111111111111111110000011111111111111111111111111111111111111111111110
0000000000000000000000000000000000000000000000000111000000000000000000000000000000000000000000000000
0111111111111111111111111111111111111111111111110000011111111111111111111111111111111111111111111110
0000000000000000000000000000000000000000000000000111000000000000000000000000000000000000000000000000
0111111111111111111111111111111111111111111111110000011111111111111111111111111111111111111111111110
