0000000000000000000000000000000000000000000000000010000000000000000000000000000000000000000000000000
0111111111111111111111111111111111111111111111111011111111111111111111111111111111111111111111111110
0000000000000000000000000000000000000000000000000100000000000000000000000000000000000000000000000000
0111111111111111111111111111111111111111111111110111111111111111111111111111111111111111111111111110
0000000000000000000000000000000000000000000000001000000000000000000000000000000000000000000000000000
0111111111111111111111111111111111111111111111101111111111111111111111111111111111111111111111111110
0000000000000000000000000000000000000000000000010000000000000000000000000000000000000000000000000000
0111111111111111111111111111111111111111111111011111111111111111111111111111111111111111111111111110
0000000000000000000000000000000000000000000000100000000000000000000000000000000000000000000000000000
0111111111111111111111111111111111111111111110111111111111111111111111111111111111111111111111111110
0000000000000000000000000000000000000000000001000000000000000000000000000000000000000000000000000000
0111111111111111111111111111111111111111111101111111111111111111111111111111111111111111111111111110
0000000000000000000000000000000000000000000010000000000000000000000000000000000000000000000000000000
0111111111111111111111111111111111111111111011111111111111111111111111111111111111111111111111111110
0000000000000000000000000000000000000000000100000000000000000000000000000000000000000000000000000000
0111111111111111111111111111111111111111110111111111111111111111111111111111111111111111111111111110
0000000000000000000000000000000000000000001000000000000000000000000000000000000000000000000000000000
0111111111111111111111111111111111111111101111111111111111111111111111111111111111111111111111111110
0000000000000000000000000000000000000000010000000000000000000000000000000000000000000000000000000000
0111111111111111111111111111111111111111011111111111111111111111111111111111111111111111111111111110
0000000000000000000000000000000000000000100000000000000000000000000000000000000000000000000000000000
0111111111111111111111111111111111111110111111111111111111111111111111111111111111111111111111111110
0000000000000000000000000000000000000001000000000000000000000000000000000000000000000000000000000000
0111111111111111111111111111111111111101111111111111111111111111111111111111111111111111111111111110
0000000000000000000000000000000000000010000000000000000000000000000000000000000000000000000000000000
0111111111111111111111111111111111111011111111111111111111111111111111111111111111111111111111111110
0000000000000000000000000000000000000100000000000000000000000000000000000000000000000000000000000000
0111111111111111111111111111111111110111111111111111111111111111111111111111111111111111111111111110
0000000000000000000000000000000000001000000000000000000000000000000000000000000000000000000000000000
0111111111111111111111111111111111101111111111111111111111111111111111111111111111111111111111111110
0000000000000000000000000000000000010000000000000000000000000000000000000000000000000000000000000000
0111111111111111111111111111111111011111111111111111111111111111111111111111111111111111111111111110
0000000000000000000000000000000000100000000000000000000000000000000000000000000000000000000000000000
0111111111111111111111111111111110111111111111111111111111111111111111111111111111111111111111111110
0000000000000000000000000000000001000000000000000000000000000000000000000000000000000000000000000000
0111111111111111111111111111111101111111111111111111111111111111111111111111111111111111111111111110
0000000000000000000000000000000010000000000000000000000000000000000000000000000000000000000000000000
0111111111111111111111111111111011111111111111111111111111111111111111111111111111111111111111111110
0000000000000000000000000000000100000000000000000000000000000000000000000000000000000000000000000000
0111111111111111111111111111110111111111111111111111111111111111111111111111111111111111111111111110
0000000000000000000000000000001000000000000000000000000000000000000000000000000000000000000000000000
0111111111111111111111111111101111111111111111111111111111111111111111111111111111111111111111111110
0000000000000000000000000000010000000000000000000000000000000000000000000000000000000000000000000000
0111111111111111111111111111011111111111111111111111111111111111111111111111111111111111111111111110
0000000000000000000000000000100000000000000000000000000000000000000000000000000000000000000000000000
0111111111111111111111111110111111111111111111111111111111111111111111111111111111111111111111111110
0000000000000000000000000001000000000000000000000000000000000000000000000000000000000000000000000000
0111111111111111111111111101111111111111111111111111111111111111111111111111111111111111111111111110
0000000000000000000000000010000000000000000000000000000000000000000000000000000000000000000000000000
0111111111111111111111111011111111111111111111111111111111111111111111111111111111111111111111111110
0000000000000000000000000100000000000000000000000000000000000000000000000000000000000000000000000000
0111111111111111111111110111111111111111111111111111111111111111111111111111111111111111111111111110
0000000000000000000000001000000000000000000000000000000000000000000000000000000000000000000000000000
0111111111111111111111101111111111111111111111111111111111111111111111111111111111111111111111111110
0000000000000000000000010000000000000000000000000000000000000000000000000000000000000000000000000000
0111111111111111111111011111111111111111111111111111111111111111111111111111111111111111111111111110
0000000000000000000000100000000000000000000000000000000000000000000000000000000000000000000000000000
0111111111111111111110111111111111111111111111111111111111111111111111111111111111111111111111111110
0000000000000000000001000000000000000000000000000000000000000000000000000000000000000000000000000000
0111111111111111111101111111111111111111111111111111111111111111111111111111111111111111111111111110
0000000000000000000010000000000000000000000000000000000000000000000000000000000000000000000000000000
0111111111111111111011111111111111111111111111111111111111111111111111111111111111111111111111111110
0000000000000000000100000000000000000000000000000000000000000000000000000000000000000000000000000000
0111111111111111110111111111111111111111111111111111111111111111111111111111111111111111111111111110
0000000000000000001000000000000000000000000000000000000000000000000000000000000000000000000000000000
0111111111111111101111111111111111111111111111111111111111111111111111111111111111111111111111111110
0000000000000000010000000000000000000000000000000000000000000000000000000000000000000000000000000000
0111111111111111011111111111111111111111111111111111111111111111111111111111111111111111111111111110
0000000000000000100000000000000000000000000000000000000000000000000000000000000000000000000000000000
0111111111111110111111111111111111111111111111111111111111111111111111111111111111111111111111111110
0000000000000001000000000000000000000000000000000000000000000000000000000000000000000000000000000000
0111111111111101111111111111111111111111111111111111111111111111111111111111111111111111111111111110
0000000000000010000000000000000000000000000000000000000000000000000000000000000000000000000000000000
0111111111111011111111111111111111111111111111111111111111111111111111111111111111111111111111111110
0000000000000100000000000000000000000000000000000000000000000000000000000000000000000000000000000000
0111111111110111111111111111111111111111111111111111111111111111111111111111111111111111111111111110
0000000000001000000000000000000000000000000000000000000000000000000000000000000000000000000000000000
0111111111101111111111111111111111111111111111111111111111111111111111111111111111111111111111111110
0000000000010000000000000000000000000000000000000000000000000000000000000000000000000000000000000000
0111111111011111111111111111111111111111111111111111111111111111111111111111111111111111111111111110
0000000000100000000000000000000000000000000000000000000000000000000000000000000000000000000000000000
0111111110111111111111111111111111111111111111111111111111111111111111111111111111111111111111111110
0000000001000000000000000000000000000000000000000000000000000000000000000000000000000000000000000000
0111111101111111111111111111111111111111111111111111111111111111111111111111111111111111111111111110
0000000010000000000000000000000000000000000000000000000000000000000000000000000000000000000000000000
0111111011111111111111111111111111111111111111111111111111111111111111111111111111111111111111111110
0000000100000000000000000000000000000000000000000000000000000000000000000000000000000000000000000000
0111110111111111111111111111111111111111111111111111111111111111111111111111111111111111111111111110
0000001000000000000000000000000000000000000000000000000000000000000000000000000000000000000000000000
0111101111111111111111111111111111111111111111111111111111111111111111111111111111111111111111111110
0000010000000000000000000000000000000000000000000000000000000000000000000000000000000000000000000000
0111011111111111111111111111111111111111111111111111111111111111111111111111111111111111111111111110
0000100000000000000000000000000000000000000000000000000000000000000000000000000000000000000000000000
0110111111111111111111111111111111111111111111111111111111111111111111111111111111111111111111111110
0001000000000000000000000000000000000000000000000000000000000000000000000000000000000000000000000000
0101111111111111111111111111111111111111111111111111111111111111111111111111111111111111111111111110
0110000000000000000000000000000000000000000000000000000000000000000000000000000000000000000000000000
0001111111111111111111111111111111111111111111111111111111111111111111111111111111111111111111111110
0100000000000000000000000000000000000000000000000000000000000000000000000000000000000000000000000000
0111111111111111111111111111111111111111111111111111111111111111111111111111111111111111111111111110
