0000000000000000000000000000000000000000000000000010000000000000000000000000000000000000000000000000
0111111111111111111111111111111111111111111111111000111111111111111111111111111111111111111111111110
0000000000000000000000000000000000000000000000001010000000000000000000000000000000000000000000000010
0111111111111111111111111111111111111111111111100100111111111111111111111111111111111111111111111000
0000000000000000000000000000000000000000000000100000000000000000000000000000000000000000000000001010
0111111111111111111111111111111111111111111110001111111111111111111111111111111111111111111111100100
0000000000000000000000000000000000000000000010100000000000000000000000000000000000000000000000100000
0111111111111111111111111111111111111111111001001111111111111111111111111111111111111111111110001110
0000000000000000000000000000000000000000001000000000000000000000000000000000000000000000000010100010
0111111111111111111111111111111111111111100011111111111111111111111111111111111111111111111001001000
0000000000000000000000000000000000000000101000000000000000000000000000000000000000000000001000000010
0111111111111111111111111111111111111110010011111111111111111111111111111111111111111111100011111000
0000000000000000000000000000000000000010000000000000000000000000000000000000000000000000101000001010
0111111111111111111111111111111111111000111111111111111111111111111111111111111111111110010011100100
0000000000000000000000000000000000001010000000000000000000000000000000000000000000000010000000100000
0111111111111111111111111111111111100100111111111111111111111111111111111111111111111000111110001110
0000000000000000000000000000000000100000000000000000000000000000000000000000000000001010000010100010
0111111111111111111111111111111110001111111111111111111111111111111111111111111111100100111001001000
0000000000000000000000000000000010100000000000000000000000000000000000000000000000100000001000000010
0111111111111111111111111111111001001111111111111111111111111111111111111111111110001111100011111000
0000000000000000000000000000001000000000000000000000000000000000000000000000000010100000101000001010
0111111111111111111111111111100011111111111111111111111111111111111111111111111001001110010011100100
0000000000000000000000000000101000000000000000000000000000000000000000000000001000000010000000100000
0111111111111111111111111110010011111111111111111111111111111111111111111111100011111000111110001110
0000000000000000000000000010000000000000000000000000000000000000000000000000101000001010000010100010
0111111111111111111111111000111111111111111111111111111111111111111111111110010011100100111001001000
0000000000000000000000001010000000000000000000000000000000000000000000000010000000100000001000000010
0111111111111111111111100100111111111111111111111111111111111111111111111000111110001111100011111000
0000000000000000000000100000000000000000000000000000000000000000000000001010000010100000101000001010
0111111111111111111110001111111111111111111111111111111111111111111111100100111001001110010011100100
0000000000000000000010100000000000000000000000000000000000000000000000100000001000000010000000100000
0111111111111111111001001111111111111111111111111111111111111111111110001111100011111000111110001110
0000000000000000001000000000000000000000000000000000000000000000000010100000101000001010000010100010
0111111111111111100011111111111111111111111111111111111111111111111001001110010011100100111001001000
0000000000000000101000000000000000000000000000000000000000000000001000000010000000100000001000000010
0111111111111110010011111111111111111111111111111111111111111111100011111000111110001111100011111000
0000000000000010000000000000000000000000000000000000000000000000101000001010000010100000101000001010
0111111111111000111111111111111111111111111111111111111111111110010011100100111001001110010011100100
0000000000001010000000000000000000000000000000000000000000000010000000100000001000000010000000100000
0111111111100100111111111111111111111111111111111111111111111000111110001111100011111000111110001110
0000000000100000000000000000000000000000000000000000000000001010000010100000101000001010000010100010
0111111110001111111111111111111111111111111111111111111111100100111001001110010011100100111001001000
0000000010100000000000000000000000000000000000000000000000100000001000000010000000100000001000000010
0111111001001111111111111111111111111111111111111111111110001111100011111000111110001111100011111000
0000001000000000000000000000000000000000000000000000000010100000101000001010000010100000101000001010
0111100011111111111111111111111111111111111111111111111001001110010011100100111001001110010011100100
0000101000000000000000000000000000000000000000000000001000000010000000100000001000000010000000100000
0110010011111111111111111111111111111111111111111111100011111000111110001111100011111000111110001110
0010000000000000000000000000000000000000000000000000101000001010000010100000101000001010000010100010
0000111111111111111111111111111111111111111111111110010011100100111001001110010011100100111001001000
0110000000000000000000000000000000000000000000000010000000100000001000000010000000100000001000000010
0010111111111111111111111111111111111111111111111000111110001111100011111000111110001111100011111000
0001000000000000000000000000000000000000000000001010000010100000101000001010000010100000101000001010
0100011111111111111111111111111111111111111111100100111001001110010011100100111001001110010011100100
0001000000000000000000000000000000000000000000100000001000000010000000100000001000000010000000100000
0100011111111111111111111111111111111111111110001111100011111000111110001111100011111000111110001110
0001000000000000000000000000000000000000000010100000101000001010000010100000101000001010000010100010
0100011111111111111111111111111111111111111001001110010011100100111001001110010011100100111001001000
0001000000000000000000000000000000000000001000000010000000100000001000000010000000100000001000000010
0100011111111111111111111111111111111111100011111000111110001111100011111000111110001111100011111000
0001000000000000000000000000000000000000101000001010000010100000101000001010000010100000101000001010
0100011111111111111111111111111111111110010011100100111001001110010011100100111001001110010011100100
0001000000000000000000000000000000000010000000100000001000000010000000100000001000000010000000100000
0100011111111111111111111111111111111000111110001111100011111000111110001111100011111000111110001110
0001000000000000000000000000000000001010000010100000101000001010000010100000101000001010000010100010
0100011111111111111111111111111111100100111001001110010011100100111001001110010011100100111001001000
0001000000000000000000000000000000100000001000000010000000100000001000000010000000100000001000000010
0100011111111111111111111111111110001111100011111000111110001111100011111000111110001111100011111000
0001000000000000000000000000000010100000101000001010000010100000101000001010000010100000101000001010
0100011111111111111111111111111001001110010011100100111001001110010011100100111001001110010011100100
0001000000000000000000000000001000000010000000100000001000000010000000100000001000000010000000100000
0100011111111111111111111111100011111000111110001111100011111000111110001111100011111000111110001110
0001000000000000000000000000101000001010000010100000101000001010000010100000101000001010000010100010
0100011111111111111111111110010011100100111001001110010011100100111001001110010011100100111001001000
0001000000000000000000000010000000100000001000000010000000100000001000000010000000100000001000000010
0100011111111111111111111000111110001111100011111000111110001111100011111000111110001111100011111000
0001000000000000000000001010000010100000101000001010000010100000101000001010000010100000101000001010
0100011111111111111111100100111001001110010011100100111001001110010011100100111001001110010011100100
0001000000000000000000100000001000000010000000100000001000000010000000100000001000000010000000100000
0100011111111111111110001111100011111000111110001111100011111000111110001111100011111000111110001110
0001000000000000000010100000101000001010000010100000101000001010000010100000101000001010000010100010
0100011111111111111001001110010011100100111001001110010011100100111001001110010011100100111001001000
0001000000000000001000000010000000100000001000000010000000100000001000000010000000100000001000000010
0100011111111111100011111000111110001111100011111000111110001111100011111000111110001111100011111000
0001000000000000101000001010000010100000101000001010000010100000101000001010000010100000101000001010
0100011111111110010011100100111001001110010011100100111001001110010011100100111001001110010011100100
0001000000000010000000100000001000000010000000100000001000000010000000100000001000000010000000100000
0100011111111000111110001111100011111000111110001111100011111000111110001111100011111000111110001110
0001000000001010000010100000101000001010000010100000101000001010000010100000101000001010000010100010
0100011111100100111001001110010011100100111001001110010011100100111001001110010011100100111001001000
0001000000100000001000000010000000100000001000000010000000100000001000000010000000100000001000000010
0100011110001111100011111000111110001111100011111000111110001111100011111000111110001111100011111000
0001000010100000101000001010000010100000101000001010000010100000101000001010000010100000101000001010
0100011001001110010011100100111001001110010011100100111001001110010011100100111001001110010011100100
0001001000000010000000100000001000000010000000100000001000000010000000100000001000000010000000100000
0100000011111000111110001111100011111000111110001111100011111000111110001111100011111000111110001110
0001111000001010000010100000101000001010000010100000101000001010000010100000101000001010000010100010
0100001011100100111001001110010011100100111001001110010011100100111001001110010011100100111001001000
0001100100100000001000000010000000100000001000000010000000100000001000000010000000100000001000000010
0100100000001111100011111000111110001111100011111000111110001111100011111000111110001111100011111000
