0000000000000000000000000000000000000000000000000010000000000000000000000000000000000000000000000000
0111111111111111111111111111111111111111111111111001111111111111111111111111111111111111111111111110
0000000000000000000000000000000000000000000000001100000000000000000000000000000000000000000000000010
0111111111111111111111111111111111111111111111100111111111111111111111111111111111111111111111111000
0000000000000000000000000000000000000000000000110000000000000000000000000000000000000000000000001110
0111111111111111111111111111111111111111111110011111111111111111111111111111111111111111111111100010
0000000000000000000000000000000000000000000011000000000000000000000000000000000000000000000000111000
0111111111111111111111111111111111111111111001111111111111111111111111111111111111111111111110001110
0000000000000000000000000000000000000000001100000000000000000000000000000000000000000000000011100010
0111111111111111111111111111111111111111100111111111111111111111111111111111111111111111111000111000
0000000000000000000000000000000000000000110000000000000000000000000000000000000000000000001110001110
0111111111111111111111111111111111111110011111111111111111111111111111111111111111111111100011100010
0000000000000000000000000000000000000011000000000000000000000000000000000000000000000000111000111000
0111111111111111111111111111111111111001111111111111111111111111111111111111111111111110001110001110
0000000000000000000000000000000000001100000000000000000000000000000000000000000000000011100011100010
0111111111111111111111111111111111100111111111111111111111111111111111111111111111111000111000111000
0000000000000000000000000000000000110000000000000000000000000000000000000000000000001110001110001110
0111111111111111111111111111111110011111111111111111111111111111111111111111111111100011100011100010
0000000000000000000000000000000011000000000000000000000000000000000000000000000000111000111000111000
0111111111111111111111111111111001111111111111111111111111111111111111111111111110001110001110001110
0000000000000000000000000000001100000000000000000000000000000000000000000000000011100011100011100010
0111111111111111111111111111100111111111111111111111111111111111111111111111111000111000111000111000
0000000000000000000000000000110000000000000000000000000000000000000000000000001110001110001110001110
0111111111111111111111111110011111111111111111111111111111111111111111111111100011100011100011100010
0000000000000000000000000011000000000000000000000000000000000000000000000000111000111000111000111000
0111111111111111111111111001111111111111111111111111111111111111111111111110001110001110001110001110
0000000000000000000000001100000000000000000000000000000000000000000000000011100011100011100011100010
0111111111111111111111100111111111111111111111111111111111111111111111111000111000111000111000111000
0000000000000000000000110000000000000000000000000000000000000000000000001110001110001110001110001110
0111111111111111111110011111111111111111111111111111111111111111111111100011100011100011100011100010
0000000000000000000011000000000000000000000000000000000000000000000000111000111000111000111000111000
0111111111111111111001111111111111111111111111111111111111111111111110001110001110001110001110001110
0000000000000000001100000000000000000000000000000000000000000000000011100011100011100011100011100010
0111111111111111100111111111111111111111111111111111111111111111111000111000111000111000111000111000
0000000000000000110000000000000000000000000000000000000000000000001110001110001110001110001110001110
0111111111111110011111111111111111111111111111111111111111111111100011100011100011100011100011100010
0000000000000011000000000000000000000000000000000000000000000000111000111000111000111000111000111000
0111111111111001111111111111111111111111111111111111111111111110001110001110001110001110001110001110
0000000000001100000000000000000000000000000000000000000000000011100011100011100011100011100011100010
0111111111100111111111111111111111111111111111111111111111111000111000111000111000111000111000111000
0000000000110000000000000000000000000000000000000000000000001110001110001110001110001110001110001110
0111111110011111111111111111111111111111111111111111111111100011100011100011100011100011100011100010
0000000011000000000000000000000000000000000000000000000000111000111000111000111000111000111000111000
0111111001111111111111111111111111111111111111111111111110001110001110001110001110001110001110001110
0000001100000000000000000000000000000000000000000000000011100011100011100011100011100011100011100010
0111100111111111111111111111111111111111111111111111111000111000111000111000111000111000111000111000
0000110000000000000000000000000000000000000000000000001110001110001110001110001110001110001110001110
0110011111111111111111111111111111111111111111111111100011100011100011100011100011100011100011100010
0011000000000000000000000000000000000000000000000000111000111000111000111000111000111000111000111000
0001111111111111111111111111111111111111111111111110001110001110001110001110001110001110001110001110
0100000000000000000000000000000000000000000000000011100011100011100011100011100011100011100011100010
0011111111111111111111111111111111111111111111111000111000111000111000111000111000111000111000111000
0000000000000000000000000000000000000000000000001110001110001110001110001110001110001110001110001110
0111111111111111111111111111111111111111111111100011100011100011100011100011100011100011100011100010
0000000000000000000000000000000000000000000000111000111000111000111000111000111000111000111000111000
0111111111111111111111111111111111111111111110001110001110001110001110001110001110001110001110001110
0000000000000000000000000000000000000000000011100011100011100011100011100011100011100011100011100010
0111111111111111111111111111111111111111111000111000111000111000111000111000111000111000111000111000
0000000000000000000000000000000000000000001110001110001110001110001110001110001110001110001110001110
0111111111111111111111111111111111111111100011100011100011100011100011100011100011100011100011100010
0000000000000000000000000000000000000000111000111000111000111000111000111000111000111000111000111000
0111111111111111111111111111111111111110001110001110001110001110001110001110001110001110001110001110
0000000000000000000000000000000000000011100011100011100011100011100011100011100011100011100011100010
0111111111111111111111111111111111111000111000111000111000111000111000111000111000111000111000111000
0000000000000000000000000000000000001110001110001110001110001110001110001110001110001110001110001110
0111111111111111111111111111111111100011100011100011100011100011100011100011100011100011100011100010
0000000000000000000000000000000000111000111000111000111000111000111000111000111000111000111000111000
0111111111111111111111111111111110001110001110001110001110001110001110001110001110001110001110001110
0000000000000000000000000000000011100011100011100011100011100011100011100011100011100011100011100010
0111111111111111111111111111111000111000111000111000111000111000111000111000111000111000111000111000
0000000000000000000000000000001110001110001110001110001110001110001110001110001110001110001110001110
0111111111111111111111111111100011100011100011100011100011100011100011100011100011100011100011100010
0000000000000000000000000000111000111000111000111000111000111000111000111000111000111000111000111000
0111111111111111111111111110001110001110001110001110001110001110001110001110001110001110001110001110
0000000000000000000000000011100011100011100011100011100011100011100011100011100011100011100011100010
0111111111111111111111111000111000111000111000111000111000111000111000111000111000111000111000111000
0000000000000000000000001110001110001110001110001110001110001110001110001110001110001110001110001110
0111111111111111111111100011100011100011100011100011100011100011100011100011100011100011100011100010
0000000000000000000000111000111000111000111000111000111000111000111000111000111000111000111000111000
0111111111111111111110001110001110001110001110001110001110001110001110001110001110001110001110001110
0000000000000000000011100011100011100011100011100011100011100011100011100011100011100011100011100010
0111111111111111111000111000111000111000111000111000111000111000111000111000111000111000111000111000
0000000000000000001110001110001110001110001110001110001110001110001110001110001110001110001110001110
0111111111111111100011100011100011100011100011100011100011100011100011100011100011100011100011100010
0000000000000000111000111000111000111000111000111000111000111000111000111000111000111000111000111000
0111111111111110001110001110001110001110001110001110001110001110001110001110001110001110001110001110
0000000000000011100011100011100011100011100011100011100011100011100011100011100011100011100011100010
0111111111111000111000111000111000111000111000111000111000111000111000111000111000111000111000111000
0000000000001110001110001110001110001110001110001110001110001110001110001110001110001110001110001110
0111111111100011100011100011100011100011100011100011100011100011100011100011100011100011100011100010
0000000000111000111000111000111000111000111000111000111000111000111000111000111000111000111000111000
0111111110001110001110001110001110001110001110001110001110001110001110001110001110001110001110001110
0000000011100011100011100011100011100011100011100011100011100011100011100011100011100011100011100010
0111111000111000111000111000111000111000111000111000111000111000111000111000111000111000111000111000
0000001110001110001110001110001110001110001110001110001110001110001110001110001110001110001110001110
0111100011100011100011100011100011100011100011100011100011100011100011100011100011100011100011100010
0000111000111000111000111000111000111000111000111000111000111000111000111000111000111000111000111000
0110001110001110001110001110001110001110001110001110001110001110001110001110001110001110001110001110
0011100011100011100011100011100011100011100011100011100011100011100011100011100011100011100011100010
0000111000111000111000111000111000111000111000111000111000111000111000111000111000111000111000111000
