0000000000000000000000000000000000000000000000000010000000000000000000000000000000000000000000000000
0111111111111111111111111111111111111111111111111010111111111111111111111111111111111111111111111110
0000000000000000000000000000000000000000000000001111000000000000000000000000000000000000000000000010
0111111111111111111111111111111111111111111111100001011111111111111111111111111111111111111111111010
0000000000000000000000000000000000000000000000101101100000000000000000000000000000000000000000001110
0111111111111111111111111111111111111111111110110110101111111111111111111111111111111111111111100010
0000000000000000000000000000000000000000000011011011110000000000000000000000000000000000000000101010
0111111111111111111111111111111111111111111001101100010111111111111111111111111111111111111110111110
0000000000000000000000000000000000000000001000110101011000000000000000000000000000000000000011000010
0111111111111111111111111111111111111111101010011111101011111111111111111111111111111111111001011010
0000000000000000000000000000000000000000111110000000111100000000000000000000000000000000001001101110
0111111111111111111111111111111111111110000010111110000101111111111111111111111111111111101000110010
0000000000000000000000000000000000000010111011000010110110000000000000000000000000000000111010010010
0111111111111111111111111111111111111011001101011011011010111111111111111111111111111110001110010010
0000000000000000000000000000000000001101000111101101101111000000000000000000000000000010100010010010
0111111111111111111111111111111111100111010000110110110001011111111111111111111111111011101010010010
0000000000000000000000000000000000100001110110011011010101100000000000000000000000001100111110010010
0111111111111111111111111111111110101100011010001101111110101111111111111111111111100100000010010010
0000000000000000000000000000000011110101001110100110000011110000000000000000000000100101111010010010
0111111111111111111111111111111000011111000011100010111000010111111111111111111110100110001110010010
0000000000000000000000000000001011000001011000101011001011011000000000000000000011100010100010010010
0111111111111111111111111111101101011101101010111101001101101011111111111111111000101011101010010010
0000000000000000000000000000110111100110111111000111000110111100000000000000001010111100111110010010
0111111111111111111111111110011000100011000001010001010011000101111111111111101111000100000010010010
0000000000000000000000000010001010101001011101110101110001010110000000000000110001010101111010010010
0111111111111111111111111010101111111001100110011110010101111010111111111110010101111110001110010010
0000000000000000000000001111110000001000100010000010011110001111000000000010011110000010100010010010
0111111111111111111111100000010111101010101010111010000010100001011111111010000010111011101010010010
0000000000000000000000101111011000111111111111001110111011101101100000001110111011001100111110010010
0111111111111111111110110001101010000000000001000011001100110110101111100011001101000100000010010010
0000000000000000000011010100111110111111111101011001000100011011110000101001000111010101111010010010
0111111111111111111001111100000011000000000111101001010101001100010110111001010001111110001110010010
0000000000000000001000000101111001011111110000111001111111000101011011001001110100000010100010010010
0111111111111111101011110110001001100000010110001000000001010111101101001000011101111011101010010010
0000000000000000111100011010101000101111011010101011111101111000110111001011000110001100111110010010
0111111111111110000101001111111010110001101111111100000110001010011001001101010010100100000010010010
0000000000000010110111000000001111010100110000000101110010101110001001000111110011100101111010010010
0111111111111011011001011111100001111100010111110110010011110010101001010000010000100110001110010010
0000000000001101101001100000101100000101011000011010010000010011111001110111010110100010100010010010
0111111111100110111000101110110101110111101011001110010111010000001000011001111011101011101010010010
0000000000100011001010110011011110011000111101000010011001110111101011001000001100111100111110010010
0111111110101001001111010001100010001010000111011010001000011000111101001011100100000100000010010010
0000000011111001000001110100101010101110110001101110101011001010000111001100100101110101111010010010
0111111000001001011100011100111111110011010100110011111101001110110001000100100110011110001110010010
0000001011101001100101000100000000010001111100010000000111000011010101010100100010000010100010010010
0111101100111000100111010101111111010100000101010111110001011001111111111100101010111011101010010010
0000110100001010100001111110000001111101110111111000010101101000000000000100111111001100111110010010
0110011101101111101100000010111100000110011000001011011110111011111111110100000001000100000010010010
0010000110110000110101111011000101110010001011101101100011001100000000011101111101010101111010010010
0010110011010110011110001101010110010010101100110110101001000101111111000110000111111110001110010010
0011010001111010000010100111111010010011110100011011111001010110000001010010110000000010100010010010
0001110100001110111011100000001110010000011101001100001001111010111101110011010111111011101010010010
0100011101100011001100101111100010010111000111000101101000001111000110010001111000001100111110010010
0101000110101001000100110000101010011001010001010110111011100001010010010100001011100100000010010010
0111010011111001010100010110111110001001110101111011001100101101110010011101101100100101111010010010
0001110000001001111101011011000010101000011110001101000100110110010010000110110100100110001110010010
0100010111101000000111101101011011111011000010100111010100011010010010110011011100100010100010010010
0101011000111011110000110111101100001101011011100001111101001110010011010001100100101011101010010010
0111101010001100010110011000110101100111101100101100000111000010010001110100100100111100111110010010
0000111110100101011010001010011110100000110100110101110001011010010100011100100100000100000010010010
0110000011100111101110101110000011101110011100011110010101101110011101000100100101110101111010010010
0010111000100000110011110010111000110010000101000010011110110010000111010100100110011110001110010010
0011001010101110010000010011001010010010110111011010000011010010110001111100100010000010100010010010
0001001111110010010111010001001110010011011001101110111001110011010100000100101010111011101010010010
0101000000010010011001110101000010010001101000110011001000010001111101110100111111001100111110010010
0111011111010010001000011111011010010100111010010001001011010100000110011100000001000100000010010010
0001100001110010101011000001101110011100001110010101001101111101110010000101111101010101111010010010
0100101100010011111101011100110010000101100010011111000110000110010010110110000111111110001110010010
0100110101010000000111100100010010110110101010000001010010110010010011011010110000000010100010010010
0100011111110111110000100101010011011011111110111101110011010010010001101111010111111011101010010010
0101000000011000010110100111110001101100000011000110010001110010010100110001111000001100111110010010
0111011111001011011011100000010100110101111001010010010100010010011100010100001011100100000010010010
0001100001001101101100101111011100011110001001110010011101010010000101011101101100100101111010010010
0100101101000110110100110001100101000010101000010010000111110010110111100110110100100110001110010010
0100110111010011011100010100100111011011111011010010110000010011011000100011011100100010100010010010
0100011001110001100101011100100001101100001101110011010111010001101010101001100100101011101010010010
0101001000010100100111100100101100110101100110010001111001110100111111111000100100111100111110010010
0111001011011100100000100100110100011110100010010100001000011100000000001010100100000100000010010010
0001001101100100101110100100011101000011101010011101101011000101111111101111100101110101111010010010
0101000110100100110011100101000111011000111110000110111101010110000000110000100110011110001110010010
0111010011100100010000100111010001101010000010110011000111111010111110010110100010000010100010010010
0001110000100101010110100001110100111110111011010001010000001111000010011011101010111011101010010010
0100010110100111111011101100011100000011001101110101110111100001011010001100111111001100111110010010
0101011011100000001100110101000101111001000110011110011000101101101110100100000001000100000010010010
0111101100101111100100011111010110001001010010000010001010110110110011100101111101010101111010010010
0000110100110000100101000001111010101001110010111010101111011011010000100110000111111110001110010010
0110011100010110100111011100001111111000010011001111110001101101110110100010110000000010100010010010
0010000101011011100001100101100000001011010001000000010100110110011011101011010111111011101010010010
0010110111101100101100100110101111101101110101011111011100011010001100111101111000001100111110010010
0011011000110100110100100011110000110110011111100001100101001110100100000110001011100100000010010010
0001101010011100011100101000010110011010000000101100100111000011100101110010101100100101111010010010
0100111110000101000100111011011010001110111110110100100001011000100110010011110100100110001110010010
0100000010110111010100001101101110100011000011011100101101101010100010010000011100100010100010010010
0101111011011001111101100110110011101001011001100100110110111111101010010111000100101011101010010010
0110001101101000000110100011010000111001101000100100011011000000111110011001010100111100111110010010
0010100110111011110011101001110110001000111010100101001101011110000010001001111100000100000010010010
0011100011001100010000111000011010101010001111100111000111100010111010101000000101110101111010010010
0000101001000101010110001011001111111110100000100001010000101011001111111011110110011110001110010010
0110111001010111111010101101000000000011101110101101110110111101000000001100011010000010100010010010
0011001001111000001111110111011111111000110011110110011011000111011111100101001110111011101010010010
