0000000000000000000000000000000000000000000000000010000000000000000000000000000000000000000000000000
0000000000000000000000000000000000000000000000000101000000000000000000000000000000000000000000000000
0000000000000000000000000000000000000000000000001010100000000000000000000000000000000000000000000000
0000000000000000000000000000000000000000000000010101010000000000000000000000000000000000000000000000
0000000000000000000000000000000000000000000000101010101000000000000000000000000000000000000000000000
0000000000000000000000000000000000000000000001010101010100000000000000000000000000000000000000000000
0000000000000000000000000000000000000000000010101010101010000000000000000000000000000000000000000000
0000000000000000000000000000000000000000000101010101010101000000000000000000000000000000000000000000
0000000000000000000000000000000000000000001010101010101010100000000000000000000000000000000000000000
0000000000000000000000000000000000000000010101010101010101010000000000000000000000000000000000000000
0000000000000000000000000000000000000000101010101010101010101000000000000000000000000000000000000000
0000000000000000000000000000000000000001010101010101010101010100000000000000000000000000000000000000
0000000000000000000000000000000000000010101010101010101010101010000000000000000000000000000000000000
0000000000000000000000000000000000000101010101010101010101010101000000000000000000000000000000000000
0000000000000000000000000000000000001010101010101010101010101010100000000000000000000000000000000000
0000000000000000000000000000000000010101010101010101010101010101010000000000000000000000000000000000
0000000000000000000000000000000000101010101010101010101010101010101000000000000000000000000000000000
0000000000000000000000000000000001010101010101010101010101010101010100000000000000000000000000000000
0000000000000000000000000000000010101010101010101010101010101010101010000000000000000000000000000000
0000000000000000000000000000000101010101010101010101010101010101010101000000000000000000000000000000
0000000000000000000000000000001010101010101010101010101010101010101010100000000000000000000000000000
0000000000000000000000000000010101010101010101010101010101010101010101010000000000000000000000000000
0000000000000000000000000000101010101010101010101010101010101010101010101000000000000000000000000000
0000000000000000000000000001010101010101010101010101010101010101010101010100000000000000000000000000
0000000000000000000000000010101010101010101010101010101010101010101010101010000000000000000000000000
0000000000000000000000000101010101010101010101010101010101010101010101010101000000000000000000000000
0000000000000000000000001010101010101010101010101010101010101010101010101010100000000000000000000000
0000000000000000000000010101010101010101010101010101010101010101010101010101010000000000000000000000
0000000000000000000000101010101010101010101010101010101010101010101010101010101000000000000000000000
0000000000000000000001010101010101010101010101010101010101010101010101010101010100000000000000000000
0000000000000000000010101010101010101010101010101010101010101010101010101010101010000000000000000000
0000000000000000000101010101010101010101010101010101010101010101010101010101010101000000000000000000
0000000000000000001010101010101010101010101010101010101010101010101010101010101010100000000000000000
0000000000000000010101010101010101010101010101010101010101010101010101010101010101010000000000000000
0000000000000000101010101010101010101010101010101010101010101010101010101010101010101000000000000000
0000000000000001010101010101010101010101010101010101010101010101010101010101010101010100000000000000
0000000000000010101010101010101010101010101010101010101010101010101010101010101010101010000000000000
0000000000000101010101010101010101010101010101010101010101010101010101010101010101010101000000000000
0000000000001010101010101010101010101010101010101010101010101010101010101010101010101010100000000000
0000000000010101010101010101010101010101010101010101010101010101010101010101010101010101010000000000
0000000000101010101010101010101010101010101010101010101010101010101010101010101010101010101000000000
0000000001010101010101010101010101010101010101010101010101010101010101010101010101010101010100000000
0000000010101010101010101010101010101010101010101010101010101010101010101010101010101010101010000000
0000000101010101010101010101010101010101010101010101010101010101010101010101010101010101010101000000
0000001010101010101010101010101010101010101010101010101010101010101010101010101010101010101010100000
0000010101010101010101010101010101010101010101010101010101010101010101010101010101010101010101010000
0000101010101010101010101010101010101010101010101010101010101010101010101010101010101010101010101000
0001010101010101010101010101010101010101010101010101010101010101010101010101010101010101010101010100
0010101010101010101010101010101010101010101010101010101010101010101010101010101010101010101010101010
0101010101010101010101010101010101010101010101010101010101010101010101010101010101010101010101010100
0010101010101010101010101010101010101010101010101010101010101010101010101010101010101010101010101010
0101010101010101010101010101010101010101010101010101010101010101010101010101010101010101010101010100
0010101010101010101010101010101010101010101010101010101010101010101010101010101010101010101010101010
0101010101010101010101010101010101010101010101010101010101010101010101010101010101010101010101010100
0010101010101010101010101010101010101010101010101010101010101010101010101010101010101010101010101010
0101010101010101010101010101010101010101010101010101010101010101010101010101010101010101010101010100
0010101010101010101010101010101010101010101010101010101010101010101010101010101010101010101010101010
0101010101010101010101010101010101010101010101010101010101010101010101010101010101010101010101010100
0010101010101010101010101010101010101010101010101010101010101010101010101010101010101010101010101010
0101010101010101010101010101010101010101010101010101010101010101010101010101010101010101010101010100
0010101010101010101010101010101010101010101010101010101010101010101010101010101010101010101010101010
0101010101010101010101010101010101010101010101010101010101010101010101010101010101010101010101010100
0010101010101010101010101010101010101010101010101010101010101010101010101010101010101010101010101010
0101010101010101010101010101010101010101010101010101010101010101010101010101010101010101010101010100
0010101010101010101010101010101010101010101010101010101010101010101010101010101010101010101010101010
0101010101010101010101010101010101010101010101010101010101010101010101010101010101010101010101010100
0010101010101010101010101010101010101010101010101010101010101010101010101010101010101010101010101010
0101010101010101010101010101010101010101010101010101010101010101010101010101010101010101010101010100
0010101010101010101010101010101010101010101010101010101010101010101010101010101010101010101010101010
0101010101010101010101010101010101010101010101010101010101010101010101010101010101010101010101010100
0010101010101010101010101010101010101010101010101010101010101010101010101010101010101010101010101010
0101010101010101010101010101010101010101010101010101010101010101010101010101010101010101010101010100
0010101010101010101010101010101010101010101010101010101010101010101010101010101010101010101010101010
0101010101010101010101010101010101010101010101010101010101010101010101010101010101010101010101010100
0010101010101010101010101010101010101010101010101010101010101010101010101010101010101010101010101010
0101010101010101010101010101010101010101010101010101010101010101010101010101010101010101010101010100
0010101010101010101010101010101010101010101010101010101010101010101010101010101010101010101010101010
0101010101010101010101010101010101010101010101010101010101010101010101010101010101010101010101010100
0010101010101010101010101010101010101010101010101010101010101010101010101010101010101010101010101010
0101010101010101010101010101010101010101010101010101010101010101010101010101010101010101010101010100
0010101010101010101010101010101010101010101010101010101010101010101010101010101010101010101010101010
0101010101010101010101010101010101010101010101010101010101010101010101010101010101010101010101010100
0010101010101010101010101010101010101010101010101010101010101010101010101010101010101010101010101010
0101010101010101010101010101010101010101010101010101010101010101010101010101010101010101010101010100
0010101010101010101010101010101010101010101010101010101010101010101010101010101010101010101010101010
0101010101010101010101010101010101010101010101010101010101010101010101010101010101010101010101010100
0010101010101010101010101010101010101010101010101010101010101010101010101010101010101010101010101010
0101010101010101010101010101010101010101010101010101010101010101010101010101010101010101010101010100
0010101010101010101010101010101010101010101010101010101010101010101010101010101010101010101010101010
0101010101010101010101010101010101010101010101010101010101010101010101010101010101010101010101010100
0010101010101010101010101010101010101010101010101010101010101010101010101010101010101010101010101010
0101010101010101010101010101010101010101010101010101010101010101010101010101010101010101010101010100
0010101010101010101010101010101010101010101010101010101010101010101010101010101010101010101010101010
0101010101010101010101010101010101010101010101010101010101010101010101010101010101010101010101010100
0010101010101010101010101010101010101010101010101010101010101010101010101010101010101010101010101010
0101010101010101010101010101010101010101010101010101010101010101010101010101010101010101010101010100
0010101010101010101010101010101010101010101010101010101010101010101010101010101010101010101010101010
0101010101010101010101010101010101010101010101010101010101010101010101010101010101010101010101010100
0010101010101010101010101010101010101010101010101010101010101010101010101010101010101010101010101010
0101010101010101010101010101010101010101010101010101010101010101010101010101010101010101010101010100
