0000000000000000000000000000000000000000000000000010000000000000000000000000000000000000000000000000
0111111111111111111111111111111111111111111111111110111111111111111111111111111111111111111111111110
0000000000000000000000000000000000000000000000000001000000000000000000000000000000000000000000000000
0111111111111111111111111111111111111111111111111111011111111111111111111111111111111111111111111110
0000000000000000000000000000000000000000000000000000100000000000000000000000000000000000000000000000
0111111111111111111111111111111111111111111111111111101111111111111111111111111111111111111111111110
0000000000000000000000000000000000000000000000000000010000000000000000000000000000000000000000000000
0111111111111111111111111111111111111111111111111111110111111111111111111111111111111111111111111110
0000000000000000000000000000000000000000000000000000001000000000000000000000000000000000000000000000
0111111111111111111111111111111111111111111111111111111011111111111111111111111111111111111111111110
0000000000000000000000000000000000000000000000000000000100000000000000000000000000000000000000000000
0111111111111111111111111111111111111111111111111111111101111111111111111111111111111111111111111110
0000000000000000000000000000000000000000000000000000000010000000000000000000000000000000000000000000
0111111111111111111111111111111111111111111111111111111110111111111111111111111111111111111111111110
0000000000000000000000000000000000000000000000000000000001000000000000000000000000000000000000000000
0111111111111111111111111111111111111111111111111111111111011111111111111111111111111111111111111110
0000000000000000000000000000000000000000000000000000000000100000000000000000000000000000000000000000
0111111111111111111111111111111111111111111111111111111111101111111111111111111111111111111111111110
0000000000000000000000000000000000000000000000000000000000010000000000000000000000000000000000000000
0111111111111111111111111111111111111111111111111111111111110111111111111111111111111111111111111110
0000000000000000000000000000000000000000000000000000000000001000000000000000000000000000000000000000
0111111111111111111111111111111111111111111111111111111111111011111111111111111111111111111111111110
0000000000000000000000000000000000000000000000000000000000000100000000000000000000000000000000000000
0111111111111111111111111111111111111111111111111111111111111101111111111111111111111111111111111110
0000000000000000000000000000000000000000000000000000000000000010000000000000000000000000000000000000
0111111111111111111111111111111111111111111111111111111111111110111111111111111111111111111111111110
0000000000000000000000000000000000000000000000000000000000000001000000000000000000000000000000000000
0111111111111111111111111111111111111111111111111111111111111111011111111111111111111111111111111110
0000000000000000000000000000000000000000000000000000000000000000100000000000000000000000000000000000
0111111111111111111111111111111111111111111111111111111111111111101111111111111111111111111111111110
0000000000000000000000000000000000000000000000000000000000000000010000000000000000000000000000000000
0111111111111111111111111111111111111111111111111111111111111111110111111111111111111111111111111110
0000000000000000000000000000000000000000000000000000000000000000001000000000000000000000000000000000
0111111111111111111111111111111111111111111111111111111111111111111011111111111111111111111111111110
0000000000000000000000000000000000000000000000000000000000000000000100000000000000000000000000000000
0111111111111111111111111111111111111111111111111111111111111111111101111111111111111111111111111110
0000000000000000000000000000000000000000000000000000000000000000000010000000000000000000000000000000
0111111111111111111111111111111111111111111111111111111111111111111110111111111111111111111111111110
0000000000000000000000000000000000000000000000000000000000000000000001000000000000000000000000000000
0111111111111111111111111111111111111111111111111111111111111111111111011111111111111111111111111110
0000000000000000000000000000000000000000000000000000000000000000000000100000000000000000000000000000
0111111111111111111111111111111111111111111111111111111111111111111111101111111111111111111111111110
0000000000000000000000000000000000000000000000000000000000000000000000010000000000000000000000000000
0111111111111111111111111111111111111111111111111111111111111111111111110111111111111111111111111110
0000000000000000000000000000000000000000000000000000000000000000000000001000000000000000000000000000
0111111111111111111111111111111111111111111111111111111111111111111111111011111111111111111111111110
0000000000000000000000000000000000000000000000000000000000000000000000000100000000000000000000000000
0111111111111111111111111111111111111111111111111111111111111111111111111101111111111111111111111110
0000000000000000000000000000000000000000000000000000000000000000000000000010000000000000000000000000
0111111111111111111111111111111111111111111111111111111111111111111111111110111111111111111111111110
0000000000000000000000000000000000000000000000000000000000000000000000000001000000000000000000000000
0111111111111111111111111111111111111111111111111111111111111111111111111111011111111111111111111110
0000000000000000000000000000000000000000000000000000000000000000000000000000100000000000000000000000
0111111111111111111111111111111111111111111111111111111111111111111111111111101111111111111111111110
0000000000000000000000000000000000000000000000000000000000000000000000000000010000000000000000000000
0111111111111111111111111111111111111111111111111111111111111111111111111111110111111111111111111110
0000000000000000000000000000000000000000000000000000000000000000000000000000001000000000000000000000
0111111111111111111111111111111111111111111111111111111111111111111111111111111011111111111111111110
0000000000000000000000000000000000000000000000000000000000000000000000000000000100000000000000000000
0111111111111111111111111111111111111111111111111111111111111111111111111111111101111111111111111110
0000000000000000000000000000000000000000000000000000000000000000000000000000000010000000000000000000
0111111111111111111111111111111111111111111111111111111111111111111111111111111110111111111111111110
0000000000000000000000000000000000000000000000000000000000000000000000000000000001000000000000000000
0111111111111111111111111111111111111111111111111111111111111111111111111111111111011111111111111110
0000000000000000000000000000000000000000000000000000000000000000000000000000000000100000000000000000
0111111111111111111111111111111111111111111111111111111111111111111111111111111111101111111111111110
0000000000000000000000000000000000000000000000000000000000000000000000000000000000010000000000000000
0111111111111111111111111111111111111111111111111111111111111111111111111111111111110111111111111110
0000000000000000000000000000000000000000000000000000000000000000000000000000000000001000000000000000
0111111111111111111111111111111111111111111111111111111111111111111111111111111111111011111111111110
0000000000000000000000000000000000000000000000000000000000000000000000000000000000000100000000000000
0111111111111111111111111111111111111111111111111111111111111111111111111111111111111101111111111110
0000000000000000000000000000000000000000000000000000000000000000000000000000000000000010000000000000
0111111111111111111111111111111111111111111111111111111111111111111111111111111111111110111111111110
0000000000000000000000000000000000000000000000000000000000000000000000000000000000000001000000000000
0111111111111111111111111111111111111111111111111111111111111111111111111111111111111111011111111110
0000000000000000000000000000000000000000000000000000000000000000000000000000000000000000100000000000
0111111111111111111111111111111111111111111111111111111111111111111111111111111111111111101111111110
0000000000000000000000000000000000000000000000000000000000000000000000000000000000000000010000000000
0111111111111111111111111111111111111111111111111111111111111111111111111111111111111111110111111110
0000000000000000000000000000000000000000000000000000000000000000000000000000000000000000001000000000
0111111111111111111111111111111111111111111111111111111111111111111111111111111111111111111011111110
0000000000000000000000000000000000000000000000000000000000000000000000000000000000000000000100000000
0111111111111111111111111111111111111111111111111111111111111111111111111111111111111111111101111110
0000000000000000000000000000000000000000000000000000000000000000000000000000000000000000000010000000
0111111111111111111111111111111111111111111111111111111111111111111111111111111111111111111110111110
0000000000000000000000000000000000000000000000000000000000000000000000000000000000000000000001000000
0111111111111111111111111111111111111111111111111111111111111111111111111111111111111111111111011110
0000000000000000000000000000000000000000000000000000000000000000000000000000000000000000000000100000
0111111111111111111111111111111111111111111111111111111111111111111111111111111111111111111111101110
0000000000000000000000000000000000000000000000000000000000000000000000000000000000000000000000010000
0111111111111111111111111111111111111111111111111111111111111111111111111111111111111111111111110110
0000000000000000000000000000000000000000000000000000000000000000000000000000000000000000000000001000
0111111111111111111111111111111111111111111111111111111111111111111111111111111111111111111111111010
0000000000000000000000000000000000000000000000000000000000000000000000000000000000000000000000000110
0111111111111111111111111111111111111111111111111111111111111111111111111111111111111111111111111000
0000000000000000000000000000000000000000000000000000000000000000000000000000000000000000000000000010
0111111111111111111111111111111111111111111111111111111111111111111111111111111111111111111111111110
0000000000000000000000000000000000000000000000000000000000000000000000000000000000000000000000000000
0111111111111111111111111111111111111111111111111111111111111111111111111111111111111111111111111110
