0000000000000000000000000000000000000000000000000010000000000000000000000000000000000000000000000000
0111111111111111111111111111111111111111111111111100111111111111111111111111111111111111111111111110
0000000000000000000000000000000000000000000000000101000000000000000000000000000000000000000000000010
0111111111111111111111111111111111111111111111111010011111111111111111111111111111111111111111111100
0000000000000000000000000000000000000000000000001100100000000000000000000000000000000000000000000100
0111111111111111111111111111111111111111111111110101001111111111111111111111111111111111111111111000
0000000000000000000000000000000000000000000000011010010000000000000000000000000000000000000000001010
0111111111111111111111111111111111111111111111101100100111111111111111111111111111111111111111110100
0000000000000000000000000000000000000000000000110101001000000000000000000000000000000000000000011000
0111111111111111111111111111111111111111111111011010010011111111111111111111111111111111111111101010
0000000000000000000000000000000000000000000001101100100100000000000000000000000000000000000000110100
0111111111111111111111111111111111111111111110110101001001111111111111111111111111111111111111011000
0000000000000000000000000000000000000000000011011010010010000000000000000000000000000000000001101010
0111111111111111111111111111111111111111111101101100100100111111111111111111111111111111111110110100
0000000000000000000000000000000000000000000110110101001001000000000000000000000000000000000011011000
0111111111111111111111111111111111111111111011011010010010011111111111111111111111111111111101101010
0000000000000000000000000000000000000000001101101100100100100000000000000000000000000000000110110100
0111111111111111111111111111111111111111110110110101001001001111111111111111111111111111111011011000
0000000000000000000000000000000000000000011011011010010010010000000000000000000000000000001101101010
0111111111111111111111111111111111111111101101101100100100100111111111111111111111111111110110110100
0000000000000000000000000000000000000000110110110101001001001000000000000000000000000000011011011000
0111111111111111111111111111111111111111011011011010010010010011111111111111111111111111101101101010
0000000000000000000000000000000000000001101101101100100100100100000000000000000000000000110110110100
0111111111111111111111111111111111111110110110110101001001001001111111111111111111111111011011011000
0000000000000000000000000000000000000011011011011010010010010010000000000000000000000001101101101010
0111111111111111111111111111111111111101101101101100100100100100111111111111111111111110110110110100
0000000000000000000000000000000000000110110110110101001001001001000000000000000000000011011011011000
0111111111111111111111111111111111111011011011011010010010010010011111111111111111111101101101101010
0000000000000000000000000000000000001101101101101100100100100100100000000000000000000110110110110100
0111111111111111111111111111111111110110110110110101001001001001001111111111111111111011011011011000
0000000000000000000000000000000000011011011011011010010010010010010000000000000000001101101101101010
0111111111111111111111111111111111101101101101101100100100100100100111111111111111110110110110110100
0000000000000000000000000000000000110110110110110101001001001001001000000000000000011011011011011000
0111111111111111111111111111111111011011011011011010010010010010010011111111111111101101101101101010
0000000000000000000000000000000001101101101101101100100100100100100100000000000000110110110110110100
0111111111111111111111111111111110110110110110110101001001001001001001111111111111011011011011011000
0000000000000000000000000000000011011011011011011010010010010010010010000000000001101101101101101010
0111111111111111111111111111111101101101101101101100100100100100100100111111111110110110110110110100
0000000000000000000000000000000110110110110110110101001001001001001001000000000011011011011011011000
0111111111111111111111111111111011011011011011011010010010010010010010011111111101101101101101101010
0000000000000000000000000000001101101101101101101100100100100100100100100000000110110110110110110100
0111111111111111111111111111110110110110110110110101001001001001001001001111111011011011011011011000
0000000000000000000000000000011011011011011011011010010010010010010010010000001101101101101101101010
0111111111111111111111111111101101101101101101101100100100100100100100100111110110110110110110110100
0000000000000000000000000000110110110110110110110101001001001001001001001000011011011011011011011000
0111111111111111111111111111011011011011011011011010010010010010010010010011101101101101101101101010
0000000000000000000000000001101101101101101101101100100100100100100100100100110110110110110110110100
0111111111111111111111111110110110110110110110110101001001001001001001001001011011011011011011011000
0000000000000000000000000011011011011011011011011010010010010010010010010010101101101101101101101010
0111111111111111111111111101101101101101101101101100100100100100100100100101010110110110110110110100
0000000000000000000000000110110110110110110110110101001001001001001001001010101011011011011011011000
0111111111111111111111111011011011011011011011011010010010010010010010010101010101101101101101101010
0000000000000000000000001101101101101101101101101100100100100100100100101010101010110110110110110100
0111111111111111111111110110110110110110110110110101001001001001001001010101010101011011011011011000
0000000000000000000000011011011011011011011011011010010010010010010010101010101010101101101101101010
0111111111111111111111101101101101101101101101101100100100100100100101010101010101010110110110110100
0000000000000000000000110110110110110110110110110101001001001001001010101010101010101011011011011000
0111111111111111111111011011011011011011011011011010010010010010010101010101010101010101101101101010
0000000000000000000001101101101101101101101101101100100100100100101010101010101010101010110110110100
0111111111111111111110110110110110110110110110110101001001001001010101010101010101010101011011011000
0000000000000000000011011011011011011011011011011010010010010010101010101010101010101010101101101010
0111111111111111111101101101101101101101101101101100100100100101010101010101010101010101010110110100
0000000000000000000110110110110110110110110110110101001001001010101010101010101010101010101011011000
0111111111111111111011011011011011011011011011011010010010010101010101010101010101010101010101101010
0000000000000000001101101101101101101101101101101100100100101010101010101010101010101010101010110100
0111111111111111110110110110110110110110110110110101001001010101010101010101010101010101010101011000
0000000000000000011011011011011011011011011011011010010010101010101010101010101010101010101010101010
0111111111111111101101101101101101101101101101101100100101010101010101010101010101010101010101010100
0000000000000000110110110110110110110110110110110101001010101010101010101010101010101010101010101000
0111111111111111011011011011011011011011011011011010010101010101010101010101010101010101010101010010
0000000000000001101101101101101101101101101101101100101010101010101010101010101010101010101010100100
0111111111111110110110110110110110110110110110110101010101010101010101010101010101010101010101001000
0000000000000011011011011011011011011011011011011010101010101010101010101010101010101010101010010010
0111111111111101101101101101101101101101101101101101010101010101010101010101010101010101010100100100
0000000000000110110110110110110110110110110110110110101010101010101010101010101010101010101001001000
0111111111111011011011011011011011011011011011011011010101010101010101010101010101010101010010010010
0000000000001101101101101101101101101101101101101101101010101010101010101010101010101010100100100100
0111111111110110110110110110110110110110110110110110110101010101010101010101010101010101001001001000
0000000000011011011011011011011011011011011011011011011010101010101010101010101010101010010010010010
0111111111101101101101101101101101101101101101101101101101010101010101010101010101010100100100100100
0000000000110110110110110110110110110110110110110110110110101010101010101010101010101001001001001000
0111111111011011011011011011011011011011011011011011011011010101010101010101010101010010010010010010
0000000001101101101101101101101101101101101101101101101101101010101010101010101010100100100100100100
0111111110110110110110110110110110110110110110110110110110110101010101010101010101001001001001001000
0000000011011011011011011011011011011011011011011011011011011010101010101010101010010010010010010010
0111111101101101101101101101101101101101101101101101101101101101010101010101010100100100100100100100
0000000110110110110110110110110110110110110110110110110110110110101010101010101001001001001001001000
0111111011011011011011011011011011011011011011011011011011011011010101010101010010010010010010010010
0000001101101101101101101101101101101101101101101101101101101101101010101010100100100100100100100100
0111110110110110110110110110110110110110110110110110110110110110110101010101001001001001001001001000
0000011011011011011011011011011011011011011011011011011011011011011010101010010010010010010010010010
0111101101101101101101101101101101101101101101101101101101101101101101010100100100100100100100100100
0000110110110110110110110110110110110110110110110110110110110110110110101001001001001001001001001000
0111011011011011011011011011011011011011011011011011011011011011011011010010010010010010010010010010
0001101101101101101101101101101101101101101101101101101101101101101101100100100100100100100100100100
0110110110110110110110110110110110110110110110110110110110110110110110101001001001001001001001001000
0011011011011011011011011011011011011011011011011011011011011011011011010010010010010010010010010010
0101101101101101101101101101101101101101101101101101101101101101101101100100100100100100100100100100
0010110110110110110110110110110110110110110110110110110110110110110110101001001001001001001001001000
0101011011011011011011011011011011011011011011011011011011011011011011010010010010010010010010010010
