0000000000000000000000000000000000000000000000000010000000000000000000000000000000000000000000000000
0111111111111111111111111111111111111111111111111101111111111111111111111111111111111111111111111110
0000000000000000000000000000000000000000000000000110000000000000000000000000000000000000000000000010
0111111111111111111111111111111111111111111111111011111111111111111111111111111111111111111111111100
0000000000000000000000000000000000000000000000001100000000000000000000000000000000000000000000000110
0111111111111111111111111111111111111111111111110111111111111111111111111111111111111111111111111010
0000000000000000000000000000000000000000000000011000000000000000000000000000000000000000000000001100
0111111111111111111111111111111111111111111111101111111111111111111111111111111111111111111111110110
0000000000000000000000000000000000000000000000110000000000000000000000000000000000000000000000011010
0111111111111111111111111111111111111111111111011111111111111111111111111111111111111111111111101100
0000000000000000000000000000000000000000000001100000000000000000000000000000000000000000000000110110
0111111111111111111111111111111111111111111110111111111111111111111111111111111111111111111111011010
0000000000000000000000000000000000000000000011000000000000000000000000000000000000000000000001101100
0111111111111111111111111111111111111111111101111111111111111111111111111111111111111111111110110110
0000000000000000000000000000000000000000000110000000000000000000000000000000000000000000000011011010
0111111111111111111111111111111111111111111011111111111111111111111111111111111111111111111101101100
0000000000000000000000000000000000000000001100000000000000000000000000000000000000000000000110110110
0111111111111111111111111111111111111111110111111111111111111111111111111111111111111111111011011010
0000000000000000000000000000000000000000011000000000000000000000000000000000000000000000001101101100
0111111111111111111111111111111111111111101111111111111111111111111111111111111111111111110110110110
0000000000000000000000000000000000000000110000000000000000000000000000000000000000000000011011011010
0111111111111111111111111111111111111111011111111111111111111111111111111111111111111111101101101100
0000000000000000000000000000000000000001100000000000000000000000000000000000000000000000110110110110
0111111111111111111111111111111111111110111111111111111111111111111111111111111111111111011011011010
0000000000000000000000000000000000000011000000000000000000000000000000000000000000000001101101101100
0111111111111111111111111111111111111101111111111111111111111111111111111111111111111110110110110110
0000000000000000000000000000000000000110000000000000000000000000000000000000000000000011011011011010
0111111111111111111111111111111111111011111111111111111111111111111111111111111111111101101101101100
0000000000000000000000000000000000001100000000000000000000000000000000000000000000000110110110110110
0111111111111111111111111111111111110111111111111111111111111111111111111111111111111011011011011010
0000000000000000000000000000000000011000000000000000000000000000000000000000000000001101101101101100
0111111111111111111111111111111111101111111111111111111111111111111111111111111111110110110110110110
0000000000000000000000000000000000110000000000000000000000000000000000000000000000011011011011011010
0111111111111111111111111111111111011111111111111111111111111111111111111111111111101101101101101100
0000000000000000000000000000000001100000000000000000000000000000000000000000000000110110110110110110
0111111111111111111111111111111110111111111111111111111111111111111111111111111111011011011011011010
0000000000000000000000000000000011000000000000000000000000000000000000000000000001101101101101101100
0111111111111111111111111111111101111111111111111111111111111111111111111111111110110110110110110110
0000000000000000000000000000000110000000000000000000000000000000000000000000000011011011011011011010
0111111111111111111111111111111011111111111111111111111111111111111111111111111101101101101101101100
0000000000000000000000000000001100000000000000000000000000000000000000000000000110110110110110110110
0111111111111111111111111111110111111111111111111111111111111111111111111111111011011011011011011010
0000000000000000000000000000011000000000000000000000000000000000000000000000001101101101101101101100
0111111111111111111111111111101111111111111111111111111111111111111111111111110110110110110110110110
0000000000000000000000000000110000000000000000000000000000000000000000000000011011011011011011011010
0111111111111111111111111111011111111111111111111111111111111111111111111111101101101101101101101100
0000000000000000000000000001100000000000000000000000000000000000000000000000110110110110110110110110
0111111111111111111111111110111111111111111111111111111111111111111111111111011011011011011011011010
0000000000000000000000000011000000000000000000000000000000000000000000000001101101101101101101101100
0111111111111111111111111101111111111111111111111111111111111111111111111110110110110110110110110110
0000000000000000000000000110000000000000000000000000000000000000000000000011011011011011011011011010
0111111111111111111111111011111111111111111111111111111111111111111111111101101101101101101101101100
0000000000000000000000001100000000000000000000000000000000000000000000000110110110110110110110110110
0111111111111111111111110111111111111111111111111111111111111111111111111011011011011011011011011010
0000000000000000000000011000000000000000000000000000000000000000000000001101101101101101101101101100
0111111111111111111111101111111111111111111111111111111111111111111111110110110110110110110110110110
0000000000000000000000110000000000000000000000000000000000000000000000011011011011011011011011011010
0111111111111111111111011111111111111111111111111111111111111111111111101101101101101101101101101100
0000000000000000000001100000000000000000000000000000000000000000000000110110110110110110110110110110
0111111111111111111110111111111111111111111111111111111111111111111111011011011011011011011011011010
0000000000000000000011000000000000000000000000000000000000000000000001101101101101101101101101101100
0111111111111111111101111111111111111111111111111111111111111111111110110110110110110110110110110110
0000000000000000000110000000000000000000000000000000000000000000000011011011011011011011011011011010
0111111111111111111011111111111111111111111111111111111111111111111101101101101101101101101101101100
0000000000000000001100000000000000000000000000000000000000000000000110110110110110110110110110110110
0111111111111111110111111111111111111111111111111111111111111111111011011011011011011011011011011010
0000000000000000011000000000000000000000000000000000000000000000001101101101101101101101101101101100
0111111111111111101111111111111111111111111111111111111111111111110110110110110110110110110110110110
0000000000000000110000000000000000000000000000000000000000000000011011011011011011011011011011011010
0111111111111111011111111111111111111111111111111111111111111111101101101101101101101101101101101100
0000000000000001100000000000000000000000000000000000000000000000110110110110110110110110110110110110
0111111111111110111111111111111111111111111111111111111111111111011011011011011011011011011011011010
0000000000000011000000000000000000000000000000000000000000000001101101101101101101101101101101101100
0111111111111101111111111111111111111111111111111111111111111110110110110110110110110110110110110110
0000000000000110000000000000000000000000000000000000000000000011011011011011011011011011011011011010
0111111111111011111111111111111111111111111111111111111111111101101101101101101101101101101101101100
0000000000001100000000000000000000000000000000000000000000000110110110110110110110110110110110110110
0111111111110111111111111111111111111111111111111111111111111011011011011011011011011011011011011010
0000000000011000000000000000000000000000000000000000000000001101101101101101101101101101101101101100
0111111111101111111111111111111111111111111111111111111111110110110110110110110110110110110110110110
0000000000110000000000000000000000000000000000000000000000011011011011011011011011011011011011011010
0111111111011111111111111111111111111111111111111111111111101101101101101101101101101101101101101100
0000000001100000000000000000000000000000000000000000000000110110110110110110110110110110110110110110
0111111110111111111111111111111111111111111111111111111111011011011011011011011011011011011011011010
0000000011000000000000000000000000000000000000000000000001101101101101101101101101101101101101101100
0111111101111111111111111111111111111111111111111111111110110110110110110110110110110110110110110110
0000000110000000000000000000000000000000000000000000000011011011011011011011011011011011011011011010
0111111011111111111111111111111111111111111111111111111101101101101101101101101101101101101101101100
0000001100000000000000000000000000000000000000000000000110110110110110110110110110110110110110110110
0111110111111111111111111111111111111111111111111111111011011011011011011011011011011011011011011010
0000011000000000000000000000000000000000000000000000001101101101101101101101101101101101101101101100
0111101111111111111111111111111111111111111111111111110110110110110110110110110110110110110110110110
0000110000000000000000000000000000000000000000000000011011011011011011011011011011011011011011011010
0111011111111111111111111111111111111111111111111111101101101101101101101101101101101101101101101100
0001100000000000000000000000000000000000000000000000110110110110110110110110110110110110110110110110
0110111111111111111111111111111111111111111111111111011011011011011011011011011011011011011011011010
0011000000000000000000000000000000000000000000000001101101101101101101101101101101101101101101101100
0101111111111111111111111111111111111111111111111110110110110110110110110110110110110110110110110110
0010000000000000000000000000000000000000000000000011011011011011011011011011011011011011011011011010
0101111111111111111111111111111111111111111111111101101101101101101101101101101101101101101101101100
