0000000000000000000000000000000000000000000000000010000000000000000000000000000000000000000000000000
0111111111111111111111111111111111111111111111111110111111111111111111111111111111111111111111111110
0000000000000000000000000000000000000000000000000011000000000000000000000000000000000000000000000010
0111111111111111111111111111111111111111111111111101011111111111111111111111111111111111111111111110
0000000000000000000000000000000000000000000000000111100000000000000000000000000000000000000000000010
0111111111111111111111111111111111111111111111111000101111111111111111111111111111111111111111111110
0000000000000000000000000000000000000000000000001011110000000000000000000000000000000000000000000010
0111111111111111111111111111111111111111111111111100010111111111111111111111111111111111111111111110
0000000000000000000000000000000000000000000000000101111000000000000000000000000000000000000000000010
0111111111111111111111111111111111111111111111111110001011111111111111111111111111111111111111111110
0000000000000000000000000000000000000000000000000010111100000000000000000000000000000000000000000010
0111111111111111111111111111111111111111111111111111000101111111111111111111111111111111111111111110
0000000000000000000000000000000000000000000000000001011110000000000000000000000000000000000000000010
0111111111111111111111111111111111111111111111111111100010111111111111111111111111111111111111111110
0000000000000000000000000000000000000000000000000000101111000000000000000000000000000000000000000010
0111111111111111111111111111111111111111111111111111110001011111111111111111111111111111111111111110
0000000000000000000000000000000000000000000000000000010111100000000000000000000000000000000000000010
0111111111111111111111111111111111111111111111111111111000101111111111111111111111111111111111111110
0000000000000000000000000000000000000000000000000000001011110000000000000000000000000000000000000010
0111111111111111111111111111111111111111111111111111111100010111111111111111111111111111111111111110
0000000000000000000000000000000000000000000000000000000101111000000000000000000000000000000000000010
0111111111111111111111111111111111111111111111111111111110001011111111111111111111111111111111111110
0000000000000000000000000000000000000000000000000000000010111100000000000000000000000000000000000010
0111111111111111111111111111111111111111111111111111111111000101111111111111111111111111111111111110
0000000000000000000000000000000000000000000000000000000001011110000000000000000000000000000000000010
0111111111111111111111111111111111111111111111111111111111100010111111111111111111111111111111111110
0000000000000000000000000000000000000000000000000000000000101111000000000000000000000000000000000010
0111111111111111111111111111111111111111111111111111111111110001011111111111111111111111111111111110
0000000000000000000000000000000000000000000000000000000000010111100000000000000000000000000000000010
0111111111111111111111111111111111111111111111111111111111111000101111111111111111111111111111111110
0000000000000000000000000000000000000000000000000000000000001011110000000000000000000000000000000010
0111111111111111111111111111111111111111111111111111111111111100010111111111111111111111111111111110
0000000000000000000000000000000000000000000000000000000000000101111000000000000000000000000000000010
0111111111111111111111111111111111111111111111111111111111111110001011111111111111111111111111111110
0000000000000000000000000000000000000000000000000000000000000010111100000000000000000000000000000010
0111111111111111111111111111111111111111111111111111111111111111000101111111111111111111111111111110
0000000000000000000000000000000000000000000000000000000000000001011110000000000000000000000000000010
0111111111111111111111111111111111111111111111111111111111111111100010111111111111111111111111111110
0000000000000000000000000000000000000000000000000000000000000000101111000000000000000000000000000010
0111111111111111111111111111111111111111111111111111111111111111110001011111111111111111111111111110
0000000000000000000000000000000000000000000000000000000000000000010111100000000000000000000000000010
0111111111111111111111111111111111111111111111111111111111111111111000101111111111111111111111111110
0000000000000000000000000000000000000000000000000000000000000000001011110000000000000000000000000010
0111111111111111111111111111111111111111111111111111111111111111111100010111111111111111111111111110
0000000000000000000000000000000000000000000000000000000000000000000101111000000000000000000000000010
0111111111111111111111111111111111111111111111111111111111111111111110001011111111111111111111111110
0000000000000000000000000000000000000000000000000000000000000000000010111100000000000000000000000010
0111111111111111111111111111111111111111111111111111111111111111111111000101111111111111111111111110
0000000000000000000000000000000000000000000000000000000000000000000001011110000000000000000000000010
0111111111111111111111111111111111111111111111111111111111111111111111100010111111111111111111111110
0000000000000000000000000000000000000000000000000000000000000000000000101111000000000000000000000010
0111111111111111111111111111111111111111111111111111111111111111111111110001011111111111111111111110
0000000000000000000000000000000000000000000000000000000000000000000000010111100000000000000000000010
0111111111111111111111111111111111111111111111111111111111111111111111111000101111111111111111111110
0000000000000000000000000000000000000000000000000000000000000000000000001011110000000000000000000010
0111111111111111111111111111111111111111111111111111111111111111111111111100010111111111111111111110
0000000000000000000000000000000000000000000000000000000000000000000000000101111000000000000000000010
0111111111111111111111111111111111111111111111111111111111111111111111111110001011111111111111111110
0000000000000000000000000000000000000000000000000000000000000000000000000010111100000000000000000010
0111111111111111111111111111111111111111111111111111111111111111111111111111000101111111111111111110
0000000000000000000000000000000000000000000000000000000000000000000000000001011110000000000000000010
0111111111111111111111111111111111111111111111111111111111111111111111111111100010111111111111111110
0000000000000000000000000000000000000000000000000000000000000000000000000000101111000000000000000010
0111111111111111111111111111111111111111111111111111111111111111111111111111110001011111111111111110
0000000000000000000000000000000000000000000000000000000000000000000000000000010111100000000000000010
0111111111111111111111111111111111111111111111111111111111111111111111111111111000101111111111111110
0000000000000000000000000000000000000000000000000000000000000000000000000000001011110000000000000010
0111111111111111111111111111111111111111111111111111111111111111111111111111111100010111111111111110
0000000000000000000000000000000000000000000000000000000000000000000000000000000101111000000000000010
0111111111111111111111111111111111111111111111111111111111111111111111111111111110001011111111111110
0000000000000000000000000000000000000000000000000000000000000000000000000000000010111100000000000010
0111111111111111111111111111111111111111111111111111111111111111111111111111111111000101111111111110
0000000000000000000000000000000000000000000000000000000000000000000000000000000001011110000000000010
0111111111111111111111111111111111111111111111111111111111111111111111111111111111100010111111111110
0000000000000000000000000000000000000000000000000000000000000000000000000000000000101111000000000010
0111111111111111111111111111111111111111111111111111111111111111111111111111111111110001011111111110
0000000000000000000000000000000000000000000000000000000000000000000000000000000000010111100000000010
0111111111111111111111111111111111111111111111111111111111111111111111111111111111111000101111111110
0000000000000000000000000000000000000000000000000000000000000000000000000000000000001011110000000010
0111111111111111111111111111111111111111111111111111111111111111111111111111111111111100010111111110
0000000000000000000000000000000000000000000000000000000000000000000000000000000000000101111000000010
0111111111111111111111111111111111111111111111111111111111111111111111111111111111111110001011111110
0000000000000000000000000000000000000000000000000000000000000000000000000000000000000010111100000010
0111111111111111111111111111111111111111111111111111111111111111111111111111111111111111000101111110
0000000000000000000000000000000000000000000000000000000000000000000000000000000000000001011110000010
0111111111111111111111111111111111111111111111111111111111111111111111111111111111111111100010111110
0000000000000000000000000000000000000000000000000000000000000000000000000000000000000000101111000010
0111111111111111111111111111111111111111111111111111111111111111111111111111111111111111110001011110
0000000000000000000000000000000000000000000000000000000000000000000000000000000000000000010111100010
0111111111111111111111111111111111111111111111111111111111111111111111111111111111111111111000101110
0000000000000000000000000000000000000000000000000000000000000000000000000000000000000000001011110010
0111111111111111111111111111111111111111111111111111111111111111111111111111111111111111111100010110
0000000000000000000000000000000000000000000000000000000000000000000000000000000000000000000101111010
0111111111111111111111111111111111111111111111111111111111111111111111111111111111111111111110001110
0000000000000000000000000000000000000000000000000000000000000000000000000000000000000000000010110010
0111111111111111111111111111111111111111111111111111111111111111111111111111111111111111111111010110
0000000000000000000000000000000000000000000000000000000000000000000000000000000000000000000001111010
0111111111111111111111111111111111111111111111111111111111111111111111111111111111111111111110001110
0000000000000000000000000000000000000000000000000000000000000000000000000000000000000000000010110010
0111111111111111111111111111111111111111111111111111111111111111111111111111111111111111111111010110
