0000000000000000000000000000000000000000000000000010000000000000000000000000000000000000000000000000
0000000000000000000000000000000000000000000000000111000000000000000000000000000000000000000000000000
0000000000000000000000000000000000000000000000001001100000000000000000000000000000000000000000000000
0000000000000000000000000000000000000000000000011110110000000000000000000000000000000000000000000000
0000000000000000000000000000000000000000000000100011011000000000000000000000000000000000000000000000
0000000000000000000000000000000000000000000001110101101100000000000000000000000000000000000000000000
0000000000000000000000000000000000000000000010011110110110000000000000000000000000000000000000000000
0000000000000000000000000000000000000000000111100011011011000000000000000000000000000000000000000000
0000000000000000000000000000000000000000001000110101101101100000000000000000000000000000000000000000
0000000000000000000000000000000000000000011101011110110110110000000000000000000000000000000000000000
0000000000000000000000000000000000000000100111100011011011011000000000000000000000000000000000000000
0000000000000000000000000000000000000001111000110101101101101100000000000000000000000000000000000000
0000000000000000000000000000000000000010001101011110110110110110000000000000000000000000000000000000
0000000000000000000000000000000000000111010111100011011011011011000000000000000000000000000000000000
0000000000000000000000000000000000001001111000110101101101101101100000000000000000000000000000000000
0000000000000000000000000000000000011110001101011110110110110110110000000000000000000000000000000000
0000000000000000000000000000000000100011010111100011011011011011011000000000000000000000000000000000
0000000000000000000000000000000001110101111000110101101101101101101100000000000000000000000000000000
0000000000000000000000000000000010011110001101011110110110110110110110000000000000000000000000000000
0000000000000000000000000000000111100011010111100011011011011011011011000000000000000000000000000000
0000000000000000000000000000001000110101111000110101101101101101101101100000000000000000000000000000
0000000000000000000000000000011101011110001101011110110110110110110110110000000000000000000000000000
0000000000000000000000000000100111100011010111100011011011011011011011011000000000000000000000000000
0000000000000000000000000001111000110101111000110101101101101101101101101100000000000000000000000000
0000000000000000000000000010001101011110001101011110110110110110110110110110000000000000000000000000
0000000000000000000000000111010111100011010111100011011011011011011011011011000000000000000000000000
0000000000000000000000001001111000110101111000110101101101101101101101101101100000000000000000000000
0000000000000000000000011110001101011110001101011110110110110110110110110110110000000000000000000000
0000000000000000000000100011010111100011010111100011011011011011011011011011011000000000000000000000
0000000000000000000001110101111000110101111000110101101101101101101101101101101100000000000000000000
0000000000000000000010011110001101011110001101011110110110110110110110110110110110000000000000000000
0000000000000000000111100011010111100011010111100011011011011011011011011011011011000000000000000000
0000000000000000001000110101111000110101111000110101101101101101101101101101101101100000000000000000
0000000000000000011101011110001101011110001101011110110110110110110110110110110110110000000000000000
0000000000000000100111100011010111100011010111100011011011011011011011011011011011011000000000000000
0000000000000001111000110101111000110101111000110101101101101101101101101101101101101100000000000000
0000000000000010001101011110001101011110001101011110110110110110110110110110110110110110000000000000
0000000000000111010111100011010111100011010111100011011011011011011011011011011011011011000000000000
0000000000001001111000110101111000110101111000110101101101101101101101101101101101101101100000000000
0000000000011110001101011110001101011110001101011110110110110110110110110110110110110110110000000000
0000000000100011010111100011010111100011010111100011011011011011011011011011011011011011011000000000
0000000001110101111000110101111000110101111000110101101101101101101101101101101101101101101100000000
0000000010011110001101011110001101011110001101011110110110110110110110110110110110110110110110000000
0000000111100011010111100011010111100011010111100011011011011011011011011011011011011011011011000000
0000001000110101111000110101111000110101111000110101101101101101101101101101101101101101101101100000
0000011101011110001101011110001101011110001101011110110110110110110110110110110110110110110110110000
0000100111100011010111100011010111100011010111100011011011011011011011011011011011011011011011011000
0001111000110101111000110101111000110101111000110101101101101101101101101101101101101101101101101100
0010001101011110001101011110001101011110001101011110110110110110110110110110110110110110110110110110
0111010111100011010111100011010111100011010111100011011011011011011011011011011011011011011011011010
0001111000110101111000110101111000110101111000110101101101101101101101101101101101101101101101101110
0010001101011110001101011110001101011110001101011110110110110110110110110110110110110110110110110010
0111010111100011010111100011010111100011010111100011011011011011011011011011011011011011011011011110
0001111000110101111000110101111000110101111000110101101101101101101101101101101101101101101101100010
0010001101011110001101011110001101011110001101011110110110110110110110110110110110110110110110110110
0111010111100011010111100011010111100011010111100011011011011011011011011011011011011011011011011010
0001111000110101111000110101111000110101111000110101101101101101101101101101101101101101101101101110
0010001101011110001101011110001101011110001101011110110110110110110110110110110110110110110110110010
0111010111100011010111100011010111100011010111100011011011011011011011011011011011011011011011011110
0001111000110101111000110101111000110101111000110101101101101101101101101101101101101101101101100010
0010001101011110001101011110001101011110001101011110110110110110110110110110110110110110110110110110
0111010111100011010111100011010111100011010111100011011011011011011011011011011011011011011011011010
0001111000110101111000110101111000110101111000110101101101101101101101101101101101101101101101101110
0010001101011110001101011110001101011110001101011110110110110110110110110110110110110110110110110010
0111010111100011010111100011010111100011010111100011011011011011011011011011011011011011011011011110
0001111000110101111000110101111000110101111000110101101101101101101101101101101101101101101101100010
0010001101011110001101011110001101011110001101011110110110110110110110110110110110110110110110110110
0111010111100011010111100011010111100011010111100011011011011011011011011011011011011011011011011010
0001111000110101111000110101111000110101111000110101101101101101101101101101101101101101101101101110
0010001101011110001101011110001101011110001101011110110110110110110110110110110110110110110110110010
0111010111100011010111100011010111100011010111100011011011011011011011011011011011011011011011011110
0001111000110101111000110101111000110101111000110101101101101101101101101101101101101101101101100010
0010001101011110001101011110001101011110001101011110110110110110110110110110110110110110110110110110
0111010111100011010111100011010111100011010111100011011011011011011011011011011011011011011011011010
0001111000110101111000110101111000110101111000110101101101101101101101101101101101101101101101101110
0010001101011110001101011110001101011110001101011110110110110110110110110110110110110110110110110010
0111010111100011010111100011010111100011010111100011011011011011011011011011011011011011011011011110
0001111000110101111000110101111000110101111000110101101101101101101101101101101101101101101101100010
0010001101011110001101011110001101011110001101011110110110110110110110110110110110110110110110110110
0111010111100011010111100011010111100011010111100011011011011011011011011011011011011011011011011010
0001111000110101111000110101111000110101111000110101101101101101101101101101101101101101101101101110
0010001101011110001101011110001101011110001101011110110110110110110110110110110110110110110110110010
0111010111100011010111100011010111100011010111100011011011011011011011011011011011011011011011011110
0001111000110101111000110101111000110101111000110101101101101101101101101101101101101101101101100010
0010001101011110001101011110001101011110001101011110110110110110110110110110110110110110110110110110
0111010111100011010111100011010111100011010111100011011011011011011011011011011011011011011011011010
0001111000110101111000110101111000110101111000110101101101101101101101101101101101101101101101101110
0010001101011110001101011110001101011110001101011110110110110110110110110110110110110110110110110010
0111010111100011010111100011010111100011010111100011011011011011011011011011011011011011011011011110
0001111000110101111000110101111000110101111000110101101101101101101101101101101101101101101101100010
0010001101011110001101011110001101011110001101011110110110110110110110110110110110110110110110110110
0111010111100011010111100011010111100011010111100011011011011011011011011011011011011011011011011010
0001111000110101111000110101111000110101111000110101101101101101101101101101101101101101101101101110
0010001101011110001101011110001101011110001101011110110110110110110110110110110110110110110110110010
0111010111100011010111100011010111100011010111100011011011011011011011011011011011011011011011011110
0001111000110101111000110101111000110101111000110101101101101101101101101101101101101101101101100010
0010001101011110001101011110001101011110001101011110110110110110110110110110110110110110110110110110
0111010111100011010111100011010111100011010111100011011011011011011011011011011011011011011011011010
0001111000110101111000110101111000110101111000110101101101101101101101101101101101101101101101101110
0010001101011110001101011110001101011110001101011110110110110110110110110110110110110110110110110010
