0000000000000000000000000000000000000000000000000010000000000000000000000000000000000000000000000000
0111111111111111111111111111111111111111111111111000111111111111111111111111111111111111111111111110
0100000000000000000000000000000000000000000000000010100000000000000000000000000000000000000000000000
0001111111111111111111111111111111111111111111111000001111111111111111111111111111111111111111111110
0101000000000000000000000000000000000000000000000011101000000000000000000000000000000000000000000000
0000011111111111111111111111111111111111111111111010000011111111111111111111111111111111111111111110
0111010000000000000000000000000000000000000000000000111010000000000000000000000000000000000000000000
0100000111111111111111111111111111111111111111111110100000111111111111111111111111111111111111111110
0001110100000000000000000000000000000000000000000000001110100000000000000000000000000000000000000000
0101000001111111111111111111111111111111111111111111101000001111111111111111111111111111111111111110
0000011101000000000000000000000000000000000000000000000011101000000000000000000000000000000000000000
0111010000011111111111111111111111111111111111111111111010000011111111111111111111111111111111111110
0100000111010000000000000000000000000000000000000000000000111010000000000000000000000000000000000000
0001110100000111111111111111111111111111111111111111111110100000111111111111111111111111111111111110
0101000001110100000000000000000000000000000000000000000000001110100000000000000000000000000000000000
0000011101000001111111111111111111111111111111111111111111101000001111111111111111111111111111111110
0111010000011101000000000000000000000000000000000000000000000011101000000000000000000000000000000000
0100000111010000011111111111111111111111111111111111111111111010000011111111111111111111111111111110
0001110100000111010000000000000000000000000000000000000000000000111010000000000000000000000000000000
0101000001110100000111111111111111111111111111111111111111111110100000111111111111111111111111111110
0000011101000001110100000000000000000000000000000000000000000000001110100000000000000000000000000000
0111010000011101000001111111111111111111111111111111111111111111101000001111111111111111111111111110
0100000111010000011101000000000000000000000000000000000000000000000011101000000000000000000000000000
0001110100000111010000011111111111111111111111111111111111111111111010000011111111111111111111111110
0101000001110100000111010000000000000000000000000000000000000000000000111010000000000000000000000000
0000011101000001110100000111111111111111111111111111111111111111111110100000111111111111111111111110
0111010000011101000001110100000000000000000000000000000000000000000000001110100000000000000000000000
0100000111010000011101000001111111111111111111111111111111111111111111101000001111111111111111111110
0001110100000111010000011101000000000000000000000000000000000000000000000011101000000000000000000000
0101000001110100000111010000011111111111111111111111111111111111111111111010000011111111111111111110
0000011101000001110100000111010000000000000000000000000000000000000000000000111010000000000000000000
0111010000011101000001110100000111111111111111111111111111111111111111111110100000111111111111111110
0100000111010000011101000001110100000000000000000000000000000000000000000000001110100000000000000000
0001110100000111010000011101000001111111111111111111111111111111111111111111101000001111111111111110
0101000001110100000111010000011101000000000000000000000000000000000000000000000011101000000000000000
0000011101000001110100000111010000011111111111111111111111111111111111111111111010000011111111111110
0111010000011101000001110100000111010000000000000000000000000000000000000000000000111010000000000000
0100000111010000011101000001110100000111111111111111111111111111111111111111111110100000111111111110
0001110100000111010000011101000001110100000000000000000000000000000000000000000000001110100000000000
0101000001110100000111010000011101000001111111111111111111111111111111111111111111101000001111111110
0000011101000001110100000111010000011101000000000000000000000000000000000000000000000011101000000000
0111010000011101000001110100000111010000011111111111111111111111111111111111111111111010000011111110
0100000111010000011101000001110100000111010000000000000000000000000000000000000000000000111010000000
0001110100000111010000011101000001110100000111111111111111111111111111111111111111111110100000111110
0101000001110100000111010000011101000001110100000000000000000000000000000000000000000000001110100000
0000011101000001110100000111010000011101000001111111111111111111111111111111111111111111101000001110
0111010000011101000001110100000111010000011101000000000000000000000000000000000000000000000011101000
0100000111010000011101000001110100000111010000011111111111111111111111111111111111111111111010000010
0001110100000111010000011101000001110100000111010000000000000000000000000000000000000000000000111000
0101000001110100000111010000011101000001110100000111111111111111111111111111111111111111111110100010
0000011101000001110100000111010000011101000001110100000000000000000000000000000000000000000000001000
0111010000011101000001110100000111010000011101000001111111111111111111111111111111111111111111100010
0100000111010000011101000001110100000111010000011101000000000000000000000000000000000000000000001000
0001110100000111010000011101000001110100000111010000011111111111111111111111111111111111111111100010
0101000001110100000111010000011101000001110100000111010000000000000000000000000000000000000000001000
0000011101000001110100000111010000011101000001110100000111111111111111111111111111111111111111100010
0111010000011101000001110100000111010000011101000001110100000000000000000000000000000000000000001000
0100000111010000011101000001110100000111010000011101000001111111111111111111111111111111111111100010
0001110100000111010000011101000001110100000111010000011101000000000000000000000000000000000000001000
0101000001110100000111010000011101000001110100000111010000011111111111111111111111111111111111100010
0000011101000001110100000111010000011101000001110100000111010000000000000000000000000000000000001000
0111010000011101000001110100000111010000011101000001110100000111111111111111111111111111111111100010
0100000111010000011101000001110100000111010000011101000001110100000000000000000000000000000000001000
0001110100000111010000011101000001110100000111010000011101000001111111111111111111111111111111100010
0101000001110100000111010000011101000001110100000111010000011101000000000000000000000000000000001000
0000011101000001110100000111010000011101000001110100000111010000011111111111111111111111111111100010
0111010000011101000001110100000111010000011101000001110100000111010000000000000000000000000000001000
0100000111010000011101000001110100000111010000011101000001110100000111111111111111111111111111100010
0001110100000111010000011101000001110100000111010000011101000001110100000000000000000000000000001000
0101000001110100000111010000011101000001110100000111010000011101000001111111111111111111111111100010
0000011101000001110100000111010000011101000001110100000111010000011101000000000000000000000000001000
0111010000011101000001110100000111010000011101000001110100000111010000011111111111111111111111100010
0100000111010000011101000001110100000111010000011101000001110100000111010000000000000000000000001000
0001110100000111010000011101000001110100000111010000011101000001110100000111111111111111111111100010
0101000001110100000111010000011101000001110100000111010000011101000001110100000000000000000000001000
0000011101000001110100000111010000011101000001110100000111010000011101000001111111111111111111100010
0111010000011101000001110100000111010000011101000001110100000111010000011101000000000000000000001000
0100000111010000011101000001110100000111010000011101000001110100000111010000011111111111111111100010
0001110100000111010000011101000001110100000111010000011101000001110100000111010000000000000000001000
0101000001110100000111010000011101000001110100000111010000011101000001110100000111111111111111100010
0000011101000001110100000111010000011101000001110100000111010000011101000001110100000000000000001000
0111010000011101000001110100000111010000011101000001110100000111010000011101000001111111111111100010
0100000111010000011101000001110100000111010000011101000001110100000111010000011101000000000000001000
0001110100000111010000011101000001110100000111010000011101000001110100000111010000011111111111100010
0101000001110100000111010000011101000001110100000111010000011101000001110100000111010000000000001000
0000011101000001110100000111010000011101000001110100000111010000011101000001110100000111111111100010
0111010000011101000001110100000111010000011101000001110100000111010000011101000001110100000000001000
0100000111010000011101000001110100000111010000011101000001110100000111010000011101000001111111100010
0001110100000111010000011101000001110100000111010000011101000001110100000111010000011101000000001000
0101000001110100000111010000011101000001110100000111010000011101000001110100000111010000011111100010
0000011101000001110100000111010000011101000001110100000111010000011101000001110100000111010000001000
0111010000011101000001110100000111010000011101000001110100000111010000011101000001110100000111100010
0100000111010000011101000001110100000111010000011101000001110100000111010000011101000001110100001000
0001110100000111010000011101000001110100000111010000011101000001110100000111010000011101000001100010
0101000001110100000111010000011101000001110100000111010000011101000001110100000111010000011101001000
0000011101000001110100000111010000011101000001110100000111010000011101000001110100000111010000000010
0111010000011101000001110100000111010000011101000001110100000111010000011101000001110100000111111000
0100000111010000011101000001110100000111010000011101000001110100000111010000011101000001110100000010
0001110100000111010000011101000001110100000111010000011101000001110100000111010000011101000001111000
0101000001110100000111010000011101000001110100000111010000011101000001110100000111010000011101000010
