0000000000000000000000000000000000000000000000000010000000000000000000000000000000000000000000000000
0111111111111111111111111111111111111111111111111001111111111111111111111111111111111111111111111110
0100000000000000000000000000000000000000000000000101000000000000000000000000000000000000000000000000
0011111111111111111111111111111111111111111111110000111111111111111111111111111111111111111111111110
0010000000000000000000000000000000000000000000001110100000000000000000000000000000000000000000000000
0001111111111111111111111111111111111111111111101000011111111111111111111111111111111111111111111110
0101000000000000000000000000000000000000000000000111010000000000000000000000000000000000000000000000
0000111111111111111111111111111111111111111111110100001111111111111111111111111111111111111111111110
0110100000000000000000000000000000000000000000000011101000000000000000000000000000000000000000000000
0100011111111111111111111111111111111111111111111010000111111111111111111111111111111111111111111110
0011010000000000000000000000000000000000000000000001110100000000000000000000000000000000000000000000
0010001111111111111111111111111111111111111111111101000011111111111111111111111111111111111111111110
0001101000000000000000000000000000000000000000000000111010000000000000000000000000000000000000000000
0101000111111111111111111111111111111111111111111110100001111111111111111111111111111111111111111110
0000110100000000000000000000000000000000000000000000011101000000000000000000000000000000000000000000
0110100011111111111111111111111111111111111111111111010000111111111111111111111111111111111111111110
0100011010000000000000000000000000000000000000000000001110100000000000000000000000000000000000000000
0011010001111111111111111111111111111111111111111111101000011111111111111111111111111111111111111110
0010001101000000000000000000000000000000000000000000000111010000000000000000000000000000000000000000
0001101000111111111111111111111111111111111111111111110100001111111111111111111111111111111111111110
0101000110100000000000000000000000000000000000000000000011101000000000000000000000000000000000000000
0000110100011111111111111111111111111111111111111111111010000111111111111111111111111111111111111110
0110100011010000000000000000000000000000000000000000000001110100000000000000000000000000000000000000
0100011010001111111111111111111111111111111111111111111101000011111111111111111111111111111111111110
0011010001101000000000000000000000000000000000000000000000111010000000000000000000000000000000000000
0010001101000111111111111111111111111111111111111111111110100001111111111111111111111111111111111110
0001101000110100000000000000000000000000000000000000000000011101000000000000000000000000000000000000
0101000110100011111111111111111111111111111111111111111111010000111111111111111111111111111111111110
0000110100011010000000000000000000000000000000000000000000001110100000000000000000000000000000000000
0110100011010001111111111111111111111111111111111111111111101000011111111111111111111111111111111110
0100011010001101000000000000000000000000000000000000000000000111010000000000000000000000000000000000
0011010001101000111111111111111111111111111111111111111111110100001111111111111111111111111111111110
0010001101000110100000000000000000000000000000000000000000000011101000000000000000000000000000000000
0001101000110100011111111111111111111111111111111111111111111010000111111111111111111111111111111110
0101000110100011010000000000000000000000000000000000000000000001110100000000000000000000000000000000
0000110100011010001111111111111111111111111111111111111111111101000011111111111111111111111111111110
0110100011010001101000000000000000000000000000000000000000000000111010000000000000000000000000000000
0100011010001101000111111111111111111111111111111111111111111110100001111111111111111111111111111110
0011010001101000110100000000000000000000000000000000000000000000011101000000000000000000000000000000
0010001101000110100011111111111111111111111111111111111111111111010000111111111111111111111111111110
0001101000110100011010000000000000000000000000000000000000000000001110100000000000000000000000000000
0101000110100011010001111111111111111111111111111111111111111111101000011111111111111111111111111110
0000110100011010001101000000000000000000000000000000000000000000000111010000000000000000000000000000
0110100011010001101000111111111111111111111111111111111111111111110100001111111111111111111111111110
0100011010001101000110100000000000000000000000000000000000000000000011101000000000000000000000000000
0011010001101000110100011111111111111111111111111111111111111111111010000111111111111111111111111110
0010001101000110100011010000000000000000000000000000000000000000000001110100000000000000000000000000
0001101000110100011010001111111111111111111111111111111111111111111101000011111111111111111111111110
0101000110100011010001101000000000000000000000000000000000000000000000111010000000000000000000000000
0000110100011010001101000111111111111111111111111111111111111111111110100001111111111111111111111110
0110100011010001101000110100000000000000000000000000000000000000000000011101000000000000000000000000
0100011010001101000110100011111111111111111111111111111111111111111111010000111111111111111111111110
0011010001101000110100011010000000000000000000000000000000000000000000001110100000000000000000000000
0010001101000110100011010001111111111111111111111111111111111111111111101000011111111111111111111110
0001101000110100011010001101000000000000000000000000000000000000000000000111010000000000000000000000
0101000110100011010001101000111111111111111111111111111111111111111111110100001111111111111111111110
0000110100011010001101000110100000000000000000000000000000000000000000000011101000000000000000000000
0110100011010001101000110100011111111111111111111111111111111111111111111010000111111111111111111110
0100011010001101000110100011010000000000000000000000000000000000000000000001110100000000000000000000
0011010001101000110100011010001111111111111111111111111111111111111111111101000011111111111111111110
0010001101000110100011010001101000000000000000000000000000000000000000000000111010000000000000000000
0001101000110100011010001101000111111111111111111111111111111111111111111110100001111111111111111110
0101000110100011010001101000110100000000000000000000000000000000000000000000011101000000000000000000
0000110100011010001101000110100011111111111111111111111111111111111111111111010000111111111111111110
0110100011010001101000110100011010000000000000000000000000000000000000000000001110100000000000000000
0100011010001101000110100011010001111111111111111111111111111111111111111111101000011111111111111110
0011010001101000110100011010001101000000000000000000000000000000000000000000000111010000000000000000
0010001101000110100011010001101000111111111111111111111111111111111111111111110100001111111111111110
0001101000110100011010001101000110100000000000000000000000000000000000000000000011101000000000000000
0101000110100011010001101000110100011111111111111111111111111111111111111111111010000111111111111110
0000110100011010001101000110100011010000000000000000000000000000000000000000000001110100000000000000
0110100011010001101000110100011010001111111111111111111111111111111111111111111101000011111111111110
0100011010001101000110100011010001101000000000000000000000000000000000000000000000111010000000000000
0011010001101000110100011010001101000111111111111111111111111111111111111111111110100001111111111110
0010001101000110100011010001101000110100000000000000000000000000000000000000000000011101000000000000
0001101000110100011010001101000110100011111111111111111111111111111111111111111111010000111111111110
0101000110100011010001101000110100011010000000000000000000000000000000000000000000001110100000000000
0000110100011010001101000110100011010001111111111111111111111111111111111111111111101000011111111110
0110100011010001101000110100011010001101000000000000000000000000000000000000000000000111010000000000
0100011010001101000110100011010001101000111111111111111111111111111111111111111111110100001111111110
0011010001101000110100011010001101000110100000000000000000000000000000000000000000000011101000000000
0010001101000110100011010001101000110100011111111111111111111111111111111111111111111010000111111110
0001101000110100011010001101000110100011010000000000000000000000000000000000000000000001110100000000
0101000110100011010001101000110100011010001111111111111111111111111111111111111111111101000011111110
0000110100011010001101000110100011010001101000000000000000000000000000000000000000000000111010000000
0110100011010001101000110100011010001101000111111111111111111111111111111111111111111110100001111110
0100011010001101000110100011010001101000110100000000000000000000000000000000000000000000011101000000
0011010001101000110100011010001101000110100011111111111111111111111111111111111111111111010000111110
0010001101000110100011010001101000110100011010000000000000000000000000000000000000000000001110100000
0001101000110100011010001101000110100011010001111111111111111111111111111111111111111111101000011110
0101000110100011010001101000110100011010001101000000000000000000000000000000000000000000000111010000
0000110100011010001101000110100011010001101000111111111111111111111111111111111111111111110100001110
0110100011010001101000110100011010001101000110100000000000000000000000000000000000000000000011101000
0100011010001101000110100011010001101000110100011111111111111111111111111111111111111111111010000110
0011010001101000110100011010001101000110100011010000000000000000000000000000000000000000000001110100
0010001101000110100011010001101000110100011010001111111111111111111111111111111111111111111101000010
0001101000110100011010001101000110100011010001101000000000000000000000000000000000000000000000111000
0101000110100011010001101000110100011010001101000111111111111111111111111111111111111111111110100110
0000110100011010001101000110100011010001101000110100000000000000000000000000000000000000000000010100
0110100011010001101000110100011010001101000110100011111111111111111111111111111111111111111111000010
