0000000000000000000000000000000000000000000000000010000000000000000000000000000000000000000000000000
0111111111111111111111111111111111111111111111111010111111111111111111111111111111111111111111111110
0100000000000000000000000000000000000000000000000010100000000000000000000000000000000000000000000000
0101111111111111111111111111111111111111111111111010101111111111111111111111111111111111111111111110
0101000000000000000000000000000000000000000000000010101000000000000000000000000000000000000000000000
0101011111111111111111111111111111111111111111111010101011111111111111111111111111111111111111111110
0101010000000000000000000000000000000000000000000010101010000000000000000000000000000000000000000000
0101010111111111111111111111111111111111111111111010101010111111111111111111111111111111111111111110
0101010100000000000000000000000000000000000000000010101010100000000000000000000000000000000000000000
0101010101111111111111111111111111111111111111111010101010101111111111111111111111111111111111111110
0101010101000000000000000000000000000000000000000010101010101000000000000000000000000000000000000000
0101010101011111111111111111111111111111111111111010101010101011111111111111111111111111111111111110
0101010101010000000000000000000000000000000000000010101010101010000000000000000000000000000000000000
0101010101010111111111111111111111111111111111111010101010101010111111111111111111111111111111111110
0101010101010100000000000000000000000000000000000010101010101010100000000000000000000000000000000000
0101010101010101111111111111111111111111111111111010101010101010101111111111111111111111111111111110
0101010101010101000000000000000000000000000000000010101010101010101000000000000000000000000000000000
0101010101010101011111111111111111111111111111111010101010101010101011111111111111111111111111111110
0101010101010101010000000000000000000000000000000010101010101010101010000000000000000000000000000000
0101010101010101010111111111111111111111111111111010101010101010101010111111111111111111111111111110
0101010101010101010100000000000000000000000000000010101010101010101010100000000000000000000000000000
0101010101010101010101111111111111111111111111111010101010101010101010101111111111111111111111111110
0101010101010101010101000000000000000000000000000010101010101010101010101000000000000000000000000000
0101010101010101010101011111111111111111111111111010101010101010101010101011111111111111111111111110
0101010101010101010101010000000000000000000000000010101010101010101010101010000000000000000000000000
0101010101010101010101010111111111111111111111111010101010101010101010101010111111111111111111111110
0101010101010101010101010100000000000000000000000010101010101010101010101010100000000000000000000000
0101010101010101010101010101111111111111111111111010101010101010101010101010101111111111111111111110
0101010101010101010101010101000000000000000000000010101010101010101010101010101000000000000000000000
0101010101010101010101010101011111111111111111111010101010101010101010101010101011111111111111111110
0101010101010101010101010101010000000000000000000010101010101010101010101010101010000000000000000000
0101010101010101010101010101010111111111111111111010101010101010101010101010101010111111111111111110
0101010101010101010101010101010100000000000000000010101010101010101010101010101010100000000000000000
0101010101010101010101010101010101111111111111111010101010101010101010101010101010101111111111111110
0101010101010101010101010101010101000000000000000010101010101010101010101010101010101000000000000000
0101010101010101010101010101010101011111111111111010101010101010101010101010101010101011111111111110
0101010101010101010101010101010101010000000000000010101010101010101010101010101010101010000000000000
0101010101010101010101010101010101010111111111111010101010101010101010101010101010101010111111111110
0101010101010101010101010101010101010100000000000010101010101010101010101010101010101010100000000000
0101010101010101010101010101010101010101111111111010101010101010101010101010101010101010101111111110
0101010101010101010101010101010101010101000000000010101010101010101010101010101010101010101000000000
0101010101010101010101010101010101010101011111111010101010101010101010101010101010101010101011111110
0101010101010101010101010101010101010101010000000010101010101010101010101010101010101010101010000000
0101010101010101010101010101010101010101010111111010101010101010101010101010101010101010101010111110
0101010101010101010101010101010101010101010100000010101010101010101010101010101010101010101010100000
0101010101010101010101010101010101010101010101111010101010101010101010101010101010101010101010101110
0101010101010101010101010101010101010101010101000010101010101010101010101010101010101010101010101000
0101010101010101010101010101010101010101010101011010101010101010101010101010101010101010101010101010
0101010101010101010101010101010101010101010101010010101010101010101010101010101010101010101010101010
0101010101010101010101010101010101010101010101010010101010101010101010101010101010101010101010101010
0101010101010101010101010101010101010101010101010010101010101010101010101010101010101010101010101010
0101010101010101010101010101010101010101010101010010101010101010101010101010101010101010101010101010
0101010101010101010101010101010101010101010101010010101010101010101010101010101010101010101010101010
0101010101010101010101010101010101010101010101010010101010101010101010101010101010101010101010101010
0101010101010101010101010101010101010101010101010010101010101010101010101010101010101010101010101010
0101010101010101010101010101010101010101010101010010101010101010101010101010101010101010101010101010
0101010101010101010101010101010101010101010101010010101010101010101010101010101010101010101010101010
0101010101010101010101010101010101010101010101010010101010101010101010101010101010101010101010101010
0101010101010101010101010101010101010101010101010010101010101010101010101010101010101010101010101010
0101010101010101010101010101010101010101010101010010101010101010101010101010101010101010101010101010
0101010101010101010101010101010101010101010101010010101010101010101010101010101010101010101010101010
0101010101010101010101010101010101010101010101010010101010101010101010101010101010101010101010101010
0101010101010101010101010101010101010101010101010010101010101010101010101010101010101010101010101010
0101010101010101010101010101010101010101010101010010101010101010101010101010101010101010101010101010
0101010101010101010101010101010101010101010101010010101010101010101010101010101010101010101010101010
0101010101010101010101010101010101010101010101010010101010101010101010101010101010101010101010101010
0101010101010101010101010101010101010101010101010010101010101010101010101010101010101010101010101010
0101010101010101010101010101010101010101010101010010101010101010101010101010101010101010101010101010
0101010101010101010101010101010101010101010101010010101010101010101010101010101010101010101010101010
0101010101010101010101010101010101010101010101010010101010101010101010101010101010101010101010101010
0101010101010101010101010101010101010101010101010010101010101010101010101010101010101010101010101010
0101010101010101010101010101010101010101010101010010101010101010101010101010101010101010101010101010
0101010101010101010101010101010101010101010101010010101010101010101010101010101010101010101010101010
0101010101010101010101010101010101010101010101010010101010101010101010101010101010101010101010101010
0101010101010101010101010101010101010101010101010010101010101010101010101010101010101010101010101010
0101010101010101010101010101010101010101010101010010101010101010101010101010101010101010101010101010
0101010101010101010101010101010101010101010101010010101010101010101010101010101010101010101010101010
0101010101010101010101010101010101010101010101010010101010101010101010101010101010101010101010101010
0101010101010101010101010101010101010101010101010010101010101010101010101010101010101010101010101010
0101010101010101010101010101010101010101010101010010101010101010101010101010101010101010101010101010
0101010101010101010101010101010101010101010101010010101010101010101010101010101010101010101010101010
0101010101010101010101010101010101010101010101010010101010101010101010101010101010101010101010101010
0101010101010101010101010101010101010101010101010010101010101010101010101010101010101010101010101010
0101010101010101010101010101010101010101010101010010101010101010101010101010101010101010101010101010
0101010101010101010101010101010101010101010101010010101010101010101010101010101010101010101010101010
0101010101010101010101010101010101010101010101010010101010101010101010101010101010101010101010101010
0101010101010101010101010101010101010101010101010010101010101010101010101010101010101010101010101010
0101010101010101010101010101010101010101010101010010101010101010101010101010101010101010101010101010
0101010101010101010101010101010101010101010101010010101010101010101010101010101010101010101010101010
0101010101010101010101010101010101010101010101010010101010101010101010101010101010101010101010101010
0101010101010101010101010101010101010101010101010010101010101010101010101010101010101010101010101010
0101010101010101010101010101010101010101010101010010101010101010101010101010101010101010101010101010
0101010101010101010101010101010101010101010101010010101010101010101010101010101010101010101010101010
0101010101010101010101010101010101010101010101010010101010101010101010101010101010101010101010101010
0101010101010101010101010101010101010101010101010010101010101010101010101010101010101010101010101010
0101010101010101010101010101010101010101010101010010101010101010101010101010101010101010101010101010
0101010101010101010101010101010101010101010101010010101010101010101010101010101010101010101010101010
0101010101010101010101010101010101010101010101010010101010101010101010101010101010101010101010101010
0101010101010101010101010101010101010101010101010010101010101010101010101010101010101010101010101010
0101010101010101010101010101010101010101010101010010101010101010101010101010101010101010101010101010
