0000000000000000000000000000000000000000000000000010000000000000000000000000000000000000000000000000
0111111111111111111111111111111111111111111111111000111111111111111111111111111111111111111111111110
0100000000000000000000000000000000000000000000001010100000000000000000000000000000000000000000000010
0001111111111111111111111111111111111111111111100000001111111111111111111111111111111111111111111000
0101000000000000000000000000000000000000000000101111101000000000000000000000000000000000000000001010
0000011111111111111111111111111111111111111110001000100011111111111111111111111111111111111111100000
0111010000000000000000000000000000000000000010100010001010000000000000000000000000000000000000101110
0101000111111111111111111111111111111111111000001000100000111111111111111111111111111111111110001010
0000010100000000000000000000000000000000001011100010001110100000000000000000000000000000000010100000
0111000001111111111111111111111111111111100010101000101010001111111111111111111111111111111000001110
0101011101000000000000000000000000000000101000000010000000101000000000000000000000000000001011101010
0000010100011111111111111111111111111110000011111000111110000011111111111111111111111111100010100000
0111000001010000000000000000000000000010111010001010100010111010000000000000000000000000101000001110
0101011100000111111111111111111111111000101000100000001000101000111111111111111111111110000011101010
0000010101110100000000000000000000001010000010001111100010000010100000000000000000000010111010100000
0111000001010001111111111111111111100000111000101000101000111000001111111111111111111000101000001110
0101011100000101000000000000000000101110101010000010000010101011101000000000000000001010000011101010
0000010101110000011111111111111110001010000000111000111000000010100011111111111111100000111010100000
0111000001010111010000000000000010100000111110101010101011111000001010000000000000101110101000001110
0101011100000101000111111111111000001110100010000000000010001011100000111111111110001010000011101010
0000010101110000010100000000001011101010001000111111111000100010101110100000000010100000111010100000
0111000001010111000001111111100010100000100010100000001010001000001010001111111000001110101000001110
0101011100000101011101000000101000001110001000001111100000100011100000101000001011101010000011101010
0000010101110000010100011110000011101010100011101000101110001010101110000011100010100000111010100000
0111000001010111000001010010111010100000001010100010001010100000001010111010101000001110101000001110
0101011100000101011100000000101000001111100000001000100000001111100000101000000011101010000011101010
0000010101110000010101111110000011101000101111100010001111101000101110000011111010100000111010100000
0111000001010111000001000010111010100010001000101000101000100010001010111010001000001110101000001110
0101011100000101011100011000101000001000100010000010000010001000100000101000100011101010000011101010
0000010101110000010101011010000011100010001000111000111000100010001110000010001010100000111010100000
0111000001010111000000011000111010101000100010101010101010001000101010111000100000001110101000001110
0101011100000101011111011010101000000010001000000000000000100010000000101010001111101010000011101010
0000010101110000010001011000000011111000100011111111111110001000111110000000101000100000111010100000
0111000001010111000100011011111010001010001010000000000010100010100010111110000010001110101000001110
0101011100000101010001011010001000100000100000111111111000001000001000100010111000101010000011101010
0000010101110000000100011000100010001110001110100000001011100011100010001000101010000000111010100000
0111000001010111110001011010001000101010101010001111100010101010101000100010000000111110101000001110
0101011100000100010100011000100010000000000000101000101000000000000010001000111110100010000011101010
0000010101110001000001011010001000111111111110000010000011111111111000100010100010001000111010100000
0111000001010100011100011000100010100000000010111000111010000000001010001000001000100010101000001110
0101011100000001010101011010001000001111111000101010101000111111100000100011100010001000000011101010
0000010101111100000000011000100011101000001010000000000010100000101110001010101000100011111010100000
0111000001000101111111011010001010100011100000111111111000001110001010100000000010001010001000001110
0101011100010001000001011000100000001010101110100000001011101010100000001111111000100000100011101010
0000010101000100011100011010001111100000001010001111100010100000001111101000001010001110001010100000
0111000000010001010101011000101000101111100000101000101000001111101000100011100000101010100000001110
0101011111000100000000011010000010001000101110000010000011101000100010001010101110000000001111101010
0000010001010001111111011000111000100010001010111000111010100010001000100000001010111111101000100000
0111000100000101000001011010101010001000100000101010101000001000100010001111100000100000100010001110
0101010001110000011100011000000000100010001110000000000011100010001000101000101110001110001000101010
0000000101010111010101011011111110001000101010111111111010101000100010000010001010101010100010000000
0111110000000101000000011010000010100010000000100000001000000010001000111000100000000000001000111110
0100010111110000011111011000111000001000111110001111100011111000100010101010001111111111100010100010
0001000100010111010001011010101011100010100010101000101010001010001000000000101000000000101000001000
0100010001000101000100011000000010101000001000000010000000100000100011111110000011111110000011100010
0001000100010000010001011011111000000011100011111000111110001110001010000010111010000010111010101000
0100010001000111000100011010001011111010101010001010100010101010100000111000101000111000101000000010
0001000100010101010001011000100010001000000000100000001000000000001110101010000010101010000011111000
0100010001000000000100011010001000100011111110001111100011111111101010000000111000000000111010001010
0001000100011111110001011000100010001010000010101000101010000000100000111110101011111110101000100000
0100010001010000010100011010001000100000111000000010000000111110001110100010000010000010000010001110
0001000100000111000001011000100010001110101011111000111110100010101010001000111000111000111000101010
0100010001110101011100011010001000101010000010001010100010001000000000100010101010101010101010000000
0001000101010000010101011000100010000000111000100000001000100011111110001000000000000000000000111110
0100010000000111000000011010001000111110101010001111100010001010000010100011111111111111111110100010
0001000111110101011111011000100010100010000000101000101000100000111000001010000000000000000010001000
0100010100010000010001011010001000001000111110000010000010001110101011100000111111111111111000100010
0001000001000111000100011000100011100010100010111000111000101010000010101110100000000000001010001000
0100011100010101010001011010001010101000001000101010101010000000111000001010001111111111100000100010
0001010101000000000100011000100000000011100010000000000000111110101011100000101000000000101110001000
0100000000011111110001011010001111111010101000111111111110100010000010101110000011111110001010100010
0001111111010000010100011000101000001000000010100000000010001000111000001010111010000010100000001000
0101000001000111000001011010000011100011111000001111111000100010101011100000101000111000001111100010
0000011100010101011100011000111010101010001011101000001010001000000010101110000010101011101000101000
0111010101000000010101011010101000000000100010100011100000100011111000001010111000000010100010000010
0101000000011111000000011000000011111110001000001010101110001010001011100000101011111000001000111000
0000011111010001011111011011111010000010100011100000001010100000100010101110000010001011100010101010
0111010001000100010001011010001000111000001010101111100000001110001000001010111000100010101000000000
0101000100010001000100011000100010101011100000001000101111101010100011100000101010001000000011111110
0000010001000100010001011010001000000010101111100010001000100000001010101110000000100011111010000010
0111000100010001000100011000100011111000001000101000100010001111100000001010111110001010001000111000
0101010001000100010001011010001010001011100010000010001000101000101111100000100010100000100010101010
0000000100010001000100011000100000100010101000111000100010000010001000101110001000001110001000000000
0111110001000100010001011010001110001000000010101010001000111000100010001010100011101010100011111110
0100010100010001000100011000101010100011111000000000100010101010001000100000001010100000001010000010
0001000001000100010001011010000000001010001011111110001000000000100010001111100000001111100000111000
0100011100010001000100011000111111100000100010000010100011111110001000101000101111101000101110101010
0001010101000100010001011010100000101110001000111000001010000010100010000010001000100010001010000000
0100000000010001000100011000001110001010100010101011100000111000001000111000100010001000100000111110
0001111111000100010001011011101010100000001000000010101110101011100010101010001000100010001110100010
0101000001010001000100011010100000001111100011111000001010000010101000000000100010001000101010001000
0000011100000100010001011000001111101000101010001011100000111000000011111110001000100010000000100010
0111010101110001000100011011101000100010000000100010101110101011111010000010100010001000111110001000
0101000001010100010001011010100010001000111110001000001010000010001000111000001000100010100010100010
0000011100000001000100011000001000100010100010100011100000111000100010101011100010001000001000001000
0111010101111100010001011011100010001000001000001010101110101010001000000010101000100011100011100010
0101000001000101000100011010101000100011100011100000001010000000100011111000000010001010101010101000
0000011100010000010001011000000010001010101010101111100000111110001010001011111000100000000000000010
0111010101000111000100011011111000100000000000001000101110100010100000100010001010001111111111111000
0101000000010101010001011010001010001111111111100010001010001000001110001000100000101000000000001010
