0000000000000000000000000000000000000000000000000010000000000000000000000000000000000000000000000000
0111111111111111111111111111111111111111111111111001111111111111111111111111111111111111111111111110
0100000000000000000000000000000000000000000000001101000000000000000000000000000000000000000000000010
0011111111111111111111111111111111111111111111101100111111111111111111111111111111111111111111111000
0010000000000000000000000000000000000000000000101110100000000000000000000000000000000000000000001110
0001111111111111111111111111111111111111111110001010011111111111111111111111111111111111111111101010
0101000000000000000000000000000000000000000011100001010000000000000000000000000000000000000000100000
0000111111111111111111111111111111111111111010111100001111111111111111111111111111111111111110011110
0110100000000000000000000000000000000000001000100111101000000000000000000000000000000000000011010010
0110011111111111111111111111111111111111100110010100100111111111111111111111111111111111111011001000
0111010000000000000000000000000000000000110111000010010100000000000000000000000000000000001011100110
0101001111111111111111111111111111111110110101111001000011111111111111111111111111111111100010110110
0000101000000000000000000000000000000010110001001100111010000000000000000000000000000000111000110110
0110000111111111111111111111111111111000111100101110101001111111111111111111111111111110101110110110
0111110100000000000000000000000000001110100110001010000101000000000000000000000000000010001010110110
0100010011111111111111111111111111101010010111100001110000111111111111111111111111111001100000110110
0011001010000000000000000000000000100001000100111101011110100000000000000000000000001101111110110110
0011100001111111111111111111111110011100110010100100010010011111111111111111111111101101000010110110
0010111101000000000000000000000011010110111000010011001001010000000000000000000000101100111000110110
0000100100111111111111111111111011000110101111001011100100001111111111111111111110001110101110110110
0110010010100000000000000000001011110110001001100010110011101000000000000000000011101010001010110110
0111001000011111111111111111100010010111100101111000111010100111111111111111111010100001100000110110
0101100111010000000000000000111001000100110001001110101000010100000000000000001000011101111110110110
0001110101001111111111111110101100110010111100101010000111000011111111111111100111010101000010110110
0101010000101000000000000010001110111000100110000001110101111010000000000000110101000000111000110110
0000001110000111111111111001101010101110010111111101010001001001111111111110110000111110101110110110
0111101011110100000000001101100000001011000100000100001100100101000000000010111110100010001010110110
0100100010010011111111101101111111100011110011110011101110010000111111111000100010011001100000110110
0010011001001010000000101101000000111010011010011010101011001110100000001110011001011101111110110110
0001011100100001111110001100111110101001011001011000000011101010011111101011011100010101000010110110
0100010110011101000011101110100010000100011100011111111010100001010000100011010111000000111000110110
0011000111010100111010101010011001110011010111010000001000011100001110011011000101111110101110110110
0011110101000010101000000001011101011011000101001111100111010111101011011011110001000010001010110110
0010010000111000000111111100010100011011110000101000110101000100100011011010011100111001100000110110
0001001110101111110100000111000011011010011110000110110000110010011011011001010110101101111110110110
0100101010001000010011110101111011011001010011110110111110111001011011011100000110001101000010110110
0010000001100111001010010001001011011100001010010110100010101100011011010111110111101100111000110110
0001111101110101100001001100100011010111100001000110011000001111011011000100010100101110101110110110
0101000101010001111100101110011011000100111100110111011111101001011011110011000010001010001010110110
0000110000001101000110001011011011110010100110110101010000100100011010011011111001100001100000110110
0110111111101100110111100011011010011000010110110000001110010011011001011010001101111101111110110110
0110100000101110110100111011011001011111000110111111101011001011011100011001101101000101000010110110
0110011110001010110010101011011100010001110110100000100011100011010111011101101100110000111000110110
0111010011100000111000000011010111001101010110011110011010111011000101010101101110111110101110110110
0101001010111110101111111011000101101100000111010011011000101011110000000001101010100010001010110110
0000100000100010001000001011110001101111110101001011011110000010011111111101100000011001100000110110
0110011110011001100111100010011101101000010000100011010011111001010000000101111111011101111110110110
0111010011011101110100111001010101100111001110011011001010001100001111110001000001010101000010110110
0101001011010101010010101100000001110101101011011011100001101111101000011100111100000000111000110110
0000100011000000001000001111111101010001100011011010111101101000100111010110100111111110101110110110
0110011011111111100111101000000100001101111011011000100101100110010101000110010100000010001010110110
0111011010000000110100100111110011101101001011011110010001110111000000110111000011111001100000110110
0101011001111110110010010100011010101100100011010011001101010101111110110101111010001101111110110110
0000011101000010111001000011011000001110011011001011101100000001000010110001001001101101000010110110
0111010100111000101100111011011111101011011011100010101111111100111000111100100101101100111000110110
0101000010101110001110101011010000100011011010111000001000000110101110100110010001101110101110110110
0000111000001011101010000011001110011011011000101111100111110110001010010111001101101010001010110110
0110101111100010100001111011101011011011011110001000110100010111100001000101101101100001100000110110
0110001000111000011101001010100011011011010011100110110011000100111100110001101101111101111110110110
0111100110101111010100100000011011011011001010110110111011110010100110111101101101000101000010110110
0100110110001001000010011111011011011011100000110110101010011000010110100101101100110000111000110110
0010110111100100111001010001011011011010111110110110000001011111000110010001101110111110101110110110
0000110100110010101100001100011011011000100010110111111100010001110111001101101010100010001010110110
0110110010111000001111101111011011011110011000110100000111001101010101101101100000011001100000110110
0110111000101111101000101001011011010011011110110011110101101100000001101101111111011101111110110110
0110101110001000100110000100011011001011010010111010010001101111111101101101000001010101000010110110
0110001011100110010111110011011011100011001000101001001101101000000101101100111100000000111000110110
0111100010110111000100011011011010111011100110000100101101100111110001101110100111111110101110110110
0100111000110101110011011011011000101010110111110010001101110100011101101010010100000010001010110110
0010101110110001011011011011011110000000110100011001101101010011010101100001000011111001100000110110
0000001010111100011011011011010011111110110011011101101100001011000001111100111010001101111110110110
0111100000100111011011011011001010000010111011010101101111100011111101000110101001101101000010110110
0100111110010101011011011011100001111000101011000001101000111010000100110110000101101100111000110110
0010100011000000011011011010111101001110000011111101100110101001110010110111110001101110101110110110
0000011011111111011011011000100100101011111010000101110110000101011000110100011101101010001010110110
0111011010000001011011011110010010000010001001110001010111110000011110110011010101100001100000110110
0101011001111100011011010011001001111001100101011100000100011111010010111011000001111101111110110110
0000011101000111011011001011100101001101110000010111110011010001001000101011111101000101000010110110
0111010100110101011011100010110000101101011111000100011011001100100110000010000100110000111000110110
0101000010110000011010111000111110001100010001110011011011101110010111111001110010111110101110110110
0000111000111111011000101110100011101111001101011011011010101011000100001101011000100010001010110110
0110101110100001011110001010011010101001101100011011011000000011110011101100011110011001100000110110
0110001010011100010011100001011000000101101111011011011111111010011010101111010011011101111110110110
0111100001010111001010111100011111110001101001011011010000001001011000001001001011010101000010110110
0100111100000101100000100111010000011101100100011011001111100100011111100100100011000000111000110110
0010100111110001111110010101001111010101110011011011101000110011010000110010011011111110101110110110
0000010100011101000011000000101001000001011011011010100110111011001110111001011010000010001010110110
0111000011010100111011111110000100111100011011011000010110101011101010101100011001111001100000110110
0101111011000010101010000011110010100111011011011111000110000010100000001111011101001101111110110110
0001001011111000000001111010011000010101011011010001110111111000011111101001010100101101000010110110
0100100010001111111101001001011111000000011011001101010100001111010000100100000010001100111000110110
0010011001101000000100100100010001111111011011101100000011101001001110010011111001101110101110110110
0001011101100111110010010011001101000001011010101111111010100100101011001010001101101010001010110110
0100010101110100011001001011101100111100011000001000001000010010000011100001101101100001100000110110
0011000001010011011100100010101110100111011111100111100111001001111010111101101101111101111110110110
0011111100001011010110011000001010010101010000110100110101100101001000100101101101000101000010110110
0010000111100011000111011111100001000000001110110010110001110000100110010001101100110000111000110110
0001110100111011110101010000111100111111101010111000111101011110010111001101101110111110101110110110
0101010010101010010000001110100110100000100000101110100100010011000101101101101010100010001010110110
0000001000000001001111101010010110011110011110001010010011001011110001101101100000011001100000110110
