0000000000000000000000000000000000000000000000000010000000000000000000000000000000000000000000000000
0111111111111111111111111111111111111111111111111010111111111111111111111111111111111111111111111110
0100000000000000000000000000000000000000000000001010100000000000000000000000000000000000000000000010
0101111111111111111111111111111111111111111111101010101111111111111111111111111111111111111111111010
0101000000000000000000000000000000000000000000101010101000000000000000000000000000000000000000001010
0101011111111111111111111111111111111111111110101010101011111111111111111111111111111111111111101010
0101010000000000000000000000000000000000000010101010101010000000000000000000000000000000000000101010
0101010111111111111111111111111111111111111010101010101010111111111111111111111111111111111110101010
0101010100000000000000000000000000000000001010101010101010100000000000000000000000000000000010101010
0101010101111111111111111111111111111111101010101010101010101111111111111111111111111111111010101010
0101010101000000000000000000000000000000101010101010101010101000000000000000000000000000001010101010
0101010101011111111111111111111111111110101010101010101010101011111111111111111111111111101010101010
0101010101010000000000000000000000000010101010101010101010101010000000000000000000000000101010101010
0101010101010111111111111111111111111010101010101010101010101010111111111111111111111110101010101010
0101010101010100000000000000000000001010101010101010101010101010100000000000000000000010101010101010
0101010101010101111111111111111111101010101010101010101010101010101111111111111111111010101010101010
0101010101010101000000000000000000101010101010101010101010101010101000000000000000001010101010101010
0101010101010101011111111111111110101010101010101010101010101010101011111111111111101010101010101010
0101010101010101010000000000000010101010101010101010101010101010101010000000000000101010101010101010
0101010101010101010111111111111010101010101010101010101010101010101010111111111110101010101010101010
0101010101010101010100000000001010101010101010101010101010101010101010100000000010101010101010101010
0101010101010101010101111111101010101010101010101010101010101010101010101111111010101010101010101010
0101010101010101010101000000101010101010101010101010101010101010101010101000001010101010101010101010
0101010101010101010101011110101010101010101010101010101010101010101010101011101010101010101010101010
0101010101010101010101010010101010101010101010101010101010101010101010101010101010101010101010101010
0101010101010101010101010010101010101010101010101010101010101010101010101010101010101010101010101010
0101010101010101010101010010101010101010101010101010101010101010101010101010101010101010101010101010
0101010101010101010101010010101010101010101010101010101010101010101010101010101010101010101010101010
0101010101010101010101010010101010101010101010101010101010101010101010101010101010101010101010101010
0101010101010101010101010010101010101010101010101010101010101010101010101010101010101010101010101010
0101010101010101010101010010101010101010101010101010101010101010101010101010101010101010101010101010
0101010101010101010101010010101010101010101010101010101010101010101010101010101010101010101010101010
0101010101010101010101010010101010101010101010101010101010101010101010101010101010101010101010101010
0101010101010101010101010010101010101010101010101010101010101010101010101010101010101010101010101010
0101010101010101010101010010101010101010101010101010101010101010101010101010101010101010101010101010
0101010101010101010101010010101010101010101010101010101010101010101010101010101010101010101010101010
0101010101010101010101010010101010101010101010101010101010101010101010101010101010101010101010101010
0101010101010101010101010010101010101010101010101010101010101010101010101010101010101010101010101010
0101010101010101010101010010101010101010101010101010101010101010101010101010101010101010101010101010
0101010101010101010101010010101010101010101010101010101010101010101010101010101010101010101010101010
0101010101010101010101010010101010101010101010101010101010101010101010101010101010101010101010101010
0101010101010101010101010010101010101010101010101010101010101010101010101010101010101010101010101010
0101010101010101010101010010101010101010101010101010101010101010101010101010101010101010101010101010
0101010101010101010101010010101010101010101010101010101010101010101010101010101010101010101010101010
0101010101010101010101010010101010101010101010101010101010101010101010101010101010101010101010101010
0101010101010101010101010010101010101010101010101010101010101010101010101010101010101010101010101010
0101010101010101010101010010101010101010101010101010101010101010101010101010101010101010101010101010
0101010101010101010101010010101010101010101010101010101010101010101010101010101010101010101010101010
0101010101010101010101010010101010101010101010101010101010101010101010101010101010101010101010101010
0101010101010101010101010010101010101010101010101010101010101010101010101010101010101010101010101010
0101010101010101010101010010101010101010101010101010101010101010101010101010101010101010101010101010
0101010101010101010101010010101010101010101010101010101010101010101010101010101010101010101010101010
0101010101010101010101010010101010101010101010101010101010101010101010101010101010101010101010101010
0101010101010101010101010010101010101010101010101010101010101010101010101010101010101010101010101010
0101010101010101010101010010101010101010101010101010101010101010101010101010101010101010101010101010
0101010101010101010101010010101010101010101010101010101010101010101010101010101010101010101010101010
0101010101010101010101010010101010101010101010101010101010101010101010101010101010101010101010101010
0101010101010101010101010010101010101010101010101010101010101010101010101010101010101010101010101010
0101010101010101010101010010101010101010101010101010101010101010101010101010101010101010101010101010
0101010101010101010101010010101010101010101010101010101010101010101010101010101010101010101010101010
0101010101010101010101010010101010101010101010101010101010101010101010101010101010101010101010101010
0101010101010101010101010010101010101010101010101010101010101010101010101010101010101010101010101010
0101010101010101010101010010101010101010101010101010101010101010101010101010101010101010101010101010
0101010101010101010101010010101010101010101010101010101010101010101010101010101010101010101010101010
0101010101010101010101010010101010101010101010101010101010101010101010101010101010101010101010101010
0101010101010101010101010010101010101010101010101010101010101010101010101010101010101010101010101010
0101010101010101010101010010101010101010101010101010101010101010101010101010101010101010101010101010
0101010101010101010101010010101010101010101010101010101010101010101010101010101010101010101010101010
0101010101010101010101010010101010101010101010101010101010101010101010101010101010101010101010101010
0101010101010101010101010010101010101010101010101010101010101010101010101010101010101010101010101010
0101010101010101010101010010101010101010101010101010101010101010101010101010101010101010101010101010
0101010101010101010101010010101010101010101010101010101010101010101010101010101010101010101010101010
0101010101010101010101010010101010101010101010101010101010101010101010101010101010101010101010101010
0101010101010101010101010010101010101010101010101010101010101010101010101010101010101010101010101010
0101010101010101010101010010101010101010101010101010101010101010101010101010101010101010101010101010
0101010101010101010101010010101010101010101010101010101010101010101010101010101010101010101010101010
0101010101010101010101010010101010101010101010101010101010101010101010101010101010101010101010101010
0101010101010101010101010010101010101010101010101010101010101010101010101010101010101010101010101010
0101010101010101010101010010101010101010101010101010101010101010101010101010101010101010101010101010
0101010101010101010101010010101010101010101010101010101010101010101010101010101010101010101010101010
0101010101010101010101010010101010101010101010101010101010101010101010101010101010101010101010101010
0101010101010101010101010010101010101010101010101010101010101010101010101010101010101010101010101010
0101010101010101010101010010101010101010101010101010101010101010101010101010101010101010101010101010
0101010101010101010101010010101010101010101010101010101010101010101010101010101010101010101010101010
0101010101010101010101010010101010101010101010101010101010101010101010101010101010101010101010101010
0101010101010101010101010010101010101010101010101010101010101010101010101010101010101010101010101010
0101010101010101010101010010101010101010101010101010101010101010101010101010101010101010101010101010
0101010101010101010101010010101010101010101010101010101010101010101010101010101010101010101010101010
0101010101010101010101010010101010101010101010101010101010101010101010101010101010101010101010101010
0101010101010101010101010010101010101010101010101010101010101010101010101010101010101010101010101010
0101010101010101010101010010101010101010101010101010101010101010101010101010101010101010101010101010
0101010101010101010101010010101010101010101010101010101010101010101010101010101010101010101010101010
0101010101010101010101010010101010101010101010101010101010101010101010101010101010101010101010101010
0101010101010101010101010010101010101010101010101010101010101010101010101010101010101010101010101010
0101010101010101010101010010101010101010101010101010101010101010101010101010101010101010101010101010
0101010101010101010101010010101010101010101010101010101010101010101010101010101010101010101010101010
0101010101010101010101010010101010101010101010101010101010101010101010101010101010101010101010101010
0101010101010101010101010010101010101010101010101010101010101010101010101010101010101010101010101010
0101010101010101010101010010101010101010101010101010101010101010101010101010101010101010101010101010
0101010101010101010101010010101010101010101010101010101010101010101010101010101010101010101010101010
