0000000000000000000000000000000000000000000000000010000000000000000000000000000000000000000000000000
0000000000000000000000000000000000000000000000000011000000000000000000000000000000000000000000000000
0000000000000000000000000000000000000000000000000011100000000000000000000000000000000000000000000000
0000000000000000000000000000000000000000000000000010110000000000000000000000000000000000000000000000
0000000000000000000000000000000000000000000000000010111000000000000000000000000000000000000000000000
0000000000000000000000000000000000000000000000000010101100000000000000000000000000000000000000000000
0000000000000000000000000000000000000000000000000010101110000000000000000000000000000000000000000000
0000000000000000000000000000000000000000000000000010101011000000000000000000000000000000000000000000
0000000000000000000000000000000000000000000000000010101011100000000000000000000000000000000000000000
0000000000000000000000000000000000000000000000000010101010110000000000000000000000000000000000000000
0000000000000000000000000000000000000000000000000010101010111000000000000000000000000000000000000000
0000000000000000000000000000000000000000000000000010101010101100000000000000000000000000000000000000
0000000000000000000000000000000000000000000000000010101010101110000000000000000000000000000000000000
0000000000000000000000000000000000000000000000000010101010101011000000000000000000000000000000000000
0000000000000000000000000000000000000000000000000010101010101011100000000000000000000000000000000000
0000000000000000000000000000000000000000000000000010101010101010110000000000000000000000000000000000
0000000000000000000000000000000000000000000000000010101010101010111000000000000000000000000000000000
0000000000000000000000000000000000000000000000000010101010101010101100000000000000000000000000000000
0000000000000000000000000000000000000000000000000010101010101010101110000000000000000000000000000000
0000000000000000000000000000000000000000000000000010101010101010101011000000000000000000000000000000
0000000000000000000000000000000000000000000000000010101010101010101011100000000000000000000000000000
0000000000000000000000000000000000000000000000000010101010101010101010110000000000000000000000000000
0000000000000000000000000000000000000000000000000010101010101010101010111000000000000000000000000000
0000000000000000000000000000000000000000000000000010101010101010101010101100000000000000000000000000
0000000000000000000000000000000000000000000000000010101010101010101010101110000000000000000000000000
0000000000000000000000000000000000000000000000000010101010101010101010101011000000000000000000000000
0000000000000000000000000000000000000000000000000010101010101010101010101011100000000000000000000000
0000000000000000000000000000000000000000000000000010101010101010101010101010110000000000000000000000
0000000000000000000000000000000000000000000000000010101010101010101010101010111000000000000000000000
0000000000000000000000000000000000000000000000000010101010101010101010101010101100000000000000000000
0000000000000000000000000000000000000000000000000010101010101010101010101010101110000000000000000000
0000000000000000000000000000000000000000000000000010101010101010101010101010101011000000000000000000
0000000000000000000000000000000000000000000000000010101010101010101010101010101011100000000000000000
0000000000000000000000000000000000000000000000000010101010101010101010101010101010110000000000000000
0000000000000000000000000000000000000000000000000010101010101010101010101010101010111000000000000000
0000000000000000000000000000000000000000000000000010101010101010101010101010101010101100000000000000
0000000000000000000000000000000000000000000000000010101010101010101010101010101010101110000000000000
0000000000000000000000000000000000000000000000000010101010101010101010101010101010101011000000000000
0000000000000000000000000000000000000000000000000010101010101010101010101010101010101011100000000000
0000000000000000000000000000000000000000000000000010101010101010101010101010101010101010110000000000
0000000000000000000000000000000000000000000000000010101010101010101010101010101010101010111000000000
0000000000000000000000000000000000000000000000000010101010101010101010101010101010101010101100000000
0000000000000000000000000000000000000000000000000010101010101010101010101010101010101010101110000000
0000000000000000000000000000000000000000000000000010101010101010101010101010101010101010101011000000
0000000000000000000000000000000000000000000000000010101010101010101010101010101010101010101011100000
0000000000000000000000000000000000000000000000000010101010101010101010101010101010101010101010110000
0000000000000000000000000000000000000000000000000010101010101010101010101010101010101010101010111000
0000000000000000000000000000000000000000000000000010101010101010101010101010101010101010101010101100
0000000000000000000000000000000000000000000000000010101010101010101010101010101010101010101010101110
0000000000000000000000000000000000000000000000000010101010101010101010101010101010101010101010101010
0000000000000000000000000000000000000000000000000010101010101010101010101010101010101010101010101010
0000000000000000000000000000000000000000000000000010101010101010101010101010101010101010101010101010
0000000000000000000000000000000000000000000000000010101010101010101010101010101010101010101010101010
0000000000000000000000000000000000000000000000000010101010101010101010101010101010101010101010101010
0000000000000000000000000000000000000000000000000010101010101010101010101010101010101010101010101010
0000000000000000000000000000000000000000000000000010101010101010101010101010101010101010101010101010
0000000000000000000000000000000000000000000000000010101010101010101010101010101010101010101010101010
0000000000000000000000000000000000000000000000000010101010101010101010101010101010101010101010101010
0000000000000000000000000000000000000000000000000010101010101010101010101010101010101010101010101010
0000000000000000000000000000000000000000000000000010101010101010101010101010101010101010101010101010
0000000000000000000000000000000000000000000000000010101010101010101010101010101010101010101010101010
0000000000000000000000000000000000000000000000000010101010101010101010101010101010101010101010101010
0000000000000000000000000000000000000000000000000010101010101010101010101010101010101010101010101010
0000000000000000000000000000000000000000000000000010101010101010101010101010101010101010101010101010
0000000000000000000000000000000000000000000000000010101010101010101010101010101010101010101010101010
0000000000000000000000000000000000000000000000000010101010101010101010101010101010101010101010101010
0000000000000000000000000000000000000000000000000010101010101010101010101010101010101010101010101010
0000000000000000000000000000000000000000000000000010101010101010101010101010101010101010101010101010
0000000000000000000000000000000000000000000000000010101010101010101010101010101010101010101010101010
0000000000000000000000000000000000000000000000000010101010101010101010101010101010101010101010101010
0000000000000000000000000000000000000000000000000010101010101010101010101010101010101010101010101010
0000000000000000000000000000000000000000000000000010101010101010101010101010101010101010101010101010
0000000000000000000000000000000000000000000000000010101010101010101010101010101010101010101010101010
0000000000000000000000000000000000000000000000000010101010101010101010101010101010101010101010101010
0000000000000000000000000000000000000000000000000010101010101010101010101010101010101010101010101010
0000000000000000000000000000000000000000000000000010101010101010101010101010101010101010101010101010
0000000000000000000000000000000000000000000000000010101010101010101010101010101010101010101010101010
0000000000000000000000000000000000000000000000000010101010101010101010101010101010101010101010101010
0000000000000000000000000000000000000000000000000010101010101010101010101010101010101010101010101010
0000000000000000000000000000000000000000000000000010101010101010101010101010101010101010101010101010
0000000000000000000000000000000000000000000000000010101010101010101010101010101010101010101010101010
0000000000000000000000000000000000000000000000000010101010101010101010101010101010101010101010101010
0000000000000000000000000000000000000000000000000010101010101010101010101010101010101010101010101010
0000000000000000000000000000000000000000000000000010101010101010101010101010101010101010101010101010
0000000000000000000000000000000000000000000000000010101010101010101010101010101010101010101010101010
0000000000000000000000000000000000000000000000000010101010101010101010101010101010101010101010101010
0000000000000000000000000000000000000000000000000010101010101010101010101010101010101010101010101010
0000000000000000000000000000000000000000000000000010101010101010101010101010101010101010101010101010
0000000000000000000000000000000000000000000000000010101010101010101010101010101010101010101010101010
0000000000000000000000000000000000000000000000000010101010101010101010101010101010101010101010101010
0000000000000000000000000000000000000000000000000010101010101010101010101010101010101010101010101010
0000000000000000000000000000000000000000000000000010101010101010101010101010101010101010101010101010
0000000000000000000000000000000000000000000000000010101010101010101010101010101010101010101010101010
0000000000000000000000000000000000000000000000000010101010101010101010101010101010101010101010101010
0000000000000000000000000000000000000000000000000010101010101010101010101010101010101010101010101010
0000000000000000000000000000000000000000000000000010101010101010101010101010101010101010101010101010
0000000000000000000000000000000000000000000000000010101010101010101010101010101010101010101010101010
0000000000000000000000000000000000000000000000000010101010101010101010101010101010101010101010101010
0000000000000000000000000000000000000000000000000010101010101010101010101010101010101010101010101010
0000000000000000000000000000000000000000000000000010101010101010101010101010101010101010101010101010
