0000000000000000000000000000000000000000000000000010000000000000000000000000000000000000000000000000
0111111111111111111111111111111111111111111111111011111111111111111111111111111111111111111111111110
0100000000000000000000000000000000000000000000001010000000000000000000000000000000000000000000000010
0111111111111111111111111111111111111111111111101011111111111111111111111111111111111111111111111010
0100000000000000000000000000000000000000000000101010000000000000000000000000000000000000000000001010
0111111111111111111111111111111111111111111110101011111111111111111111111111111111111111111111101010
0100000000000000000000000000000000000000000010101010000000000000000000000000000000000000000000101010
0111111111111111111111111111111111111111111010101011111111111111111111111111111111111111111110101010
0100000000000000000000000000000000000000001010101010000000000000000000000000000000000000000010101010
0111111111111111111111111111111111111111101010101011111111111111111111111111111111111111111010101010
0100000000000000000000000000000000000000101010101010000000000000000000000000000000000000001010101010
0111111111111111111111111111111111111110101010101011111111111111111111111111111111111111101010101010
0100000000000000000000000000000000000010101010101010000000000000000000000000000000000000101010101010
0111111111111111111111111111111111111010101010101011111111111111111111111111111111111110101010101010
0100000000000000000000000000000000001010101010101010000000000000000000000000000000000010101010101010
0111111111111111111111111111111111101010101010101011111111111111111111111111111111111010101010101010
0100000000000000000000000000000000101010101010101010000000000000000000000000000000001010101010101010
0111111111111111111111111111111110101010101010101011111111111111111111111111111111101010101010101010
0100000000000000000000000000000010101010101010101010000000000000000000000000000000101010101010101010
0111111111111111111111111111111010101010101010101011111111111111111111111111111110101010101010101010
0100000000000000000000000000001010101010101010101010000000000000000000000000000010101010101010101010
0111111111111111111111111111101010101010101010101011111111111111111111111111111010101010101010101010
0100000000000000000000000000101010101010101010101010000000000000000000000000001010101010101010101010
0111111111111111111111111110101010101010101010101011111111111111111111111111101010101010101010101010
0100000000000000000000000010101010101010101010101010000000000000000000000000101010101010101010101010
0111111111111111111111111010101010101010101010101011111111111111111111111110101010101010101010101010
0100000000000000000000001010101010101010101010101010000000000000000000000010101010101010101010101010
0111111111111111111111101010101010101010101010101011111111111111111111111010101010101010101010101010
0100000000000000000000101010101010101010101010101010000000000000000000001010101010101010101010101010
0111111111111111111110101010101010101010101010101011111111111111111111101010101010101010101010101010
0100000000000000000010101010101010101010101010101010000000000000000000101010101010101010101010101010
0111111111111111111010101010101010101010101010101011111111111111111110101010101010101010101010101010
0100000000000000001010101010101010101010101010101010000000000000000010101010101010101010101010101010
0111111111111111101010101010101010101010101010101011111111111111111010101010101010101010101010101010
0100000000000000101010101010101010101010101010101010000000000000001010101010101010101010101010101010
0111111111111110101010101010101010101010101010101011111111111111101010101010101010101010101010101010
0100000000000010101010101010101010101010101010101010000000000000101010101010101010101010101010101010
0111111111111010101010101010101010101010101010101011111111111110101010101010101010101010101010101010
0100000000001010101010101010101010101010101010101010000000000010101010101010101010101010101010101010
0111111111101010101010101010101010101010101010101011111111111010101010101010101010101010101010101010
0100000000101010101010101010101010101010101010101010000000001010101010101010101010101010101010101010
0111111110101010101010101010101010101010101010101011111111101010101010101010101010101010101010101010
0100000010101010101010101010101010101010101010101010000000101010101010101010101010101010101010101010
0111111010101010101010101010101010101010101010101011111110101010101010101010101010101010101010101010
0100001010101010101010101010101010101010101010101010000010101010101010101010101010101010101010101010
0111101010101010101010101010101010101010101010101011111010101010101010101010101010101010101010101010
0100101010101010101010101010101010101010101010101010001010101010101010101010101010101010101010101010
0110101010101010101010101010101010101010101010101011101010101010101010101010101010101010101010101010
0110101010101010101010101010101010101010101010101010101010101010101010101010101010101010101010101010
0110101010101010101010101010101010101010101010101010101010101010101010101010101010101010101010101010
0110101010101010101010101010101010101010101010101010101010101010101010101010101010101010101010101010
0110101010101010101010101010101010101010101010101010101010101010101010101010101010101010101010101010
0110101010101010101010101010101010101010101010101010101010101010101010101010101010101010101010101010
0110101010101010101010101010101010101010101010101010101010101010101010101010101010101010101010101010
0110101010101010101010101010101010101010101010101010101010101010101010101010101010101010101010101010
0110101010101010101010101010101010101010101010101010101010101010101010101010101010101010101010101010
0110101010101010101010101010101010101010101010101010101010101010101010101010101010101010101010101010
0110101010101010101010101010101010101010101010101010101010101010101010101010101010101010101010101010
0110101010101010101010101010101010101010101010101010101010101010101010101010101010101010101010101010
0110101010101010101010101010101010101010101010101010101010101010101010101010101010101010101010101010
0110101010101010101010101010101010101010101010101010101010101010101010101010101010101010101010101010
0110101010101010101010101010101010101010101010101010101010101010101010101010101010101010101010101010
0110101010101010101010101010101010101010101010101010101010101010101010101010101010101010101010101010
0110101010101010101010101010101010101010101010101010101010101010101010101010101010101010101010101010
0110101010101010101010101010101010101010101010101010101010101010101010101010101010101010101010101010
0110101010101010101010101010101010101010101010101010101010101010101010101010101010101010101010101010
0110101010101010101010101010101010101010101010101010101010101010101010101010101010101010101010101010
0110101010101010101010101010101010101010101010101010101010101010101010101010101010101010101010101010
0110101010101010101010101010101010101010101010101010101010101010101010101010101010101010101010101010
0110101010101010101010101010101010101010101010101010101010101010101010101010101010101010101010101010
0110101010101010101010101010101010101010101010101010101010101010101010101010101010101010101010101010
0110101010101010101010101010101010101010101010101010101010101010101010101010101010101010101010101010
0110101010101010101010101010101010101010101010101010101010101010101010101010101010101010101010101010
0110101010101010101010101010101010101010101010101010101010101010101010101010101010101010101010101010
0110101010101010101010101010101010101010101010101010101010101010101010101010101010101010101010101010
0110101010101010101010101010101010101010101010101010101010101010101010101010101010101010101010101010
0110101010101010101010101010101010101010101010101010101010101010101010101010101010101010101010101010
0110101010101010101010101010101010101010101010101010101010101010101010101010101010101010101010101010
0110101010101010101010101010101010101010101010101010101010101010101010101010101010101010101010101010
0110101010101010101010101010101010101010101010101010101010101010101010101010101010101010101010101010
0110101010101010101010101010101010101010101010101010101010101010101010101010101010101010101010101010
0110101010101010101010101010101010101010101010101010101010101010101010101010101010101010101010101010
0110101010101010101010101010101010101010101010101010101010101010101010101010101010101010101010101010
0110101010101010101010101010101010101010101010101010101010101010101010101010101010101010101010101010
0110101010101010101010101010101010101010101010101010101010101010101010101010101010101010101010101010
0110101010101010101010101010101010101010101010101010101010101010101010101010101010101010101010101010
0110101010101010101010101010101010101010101010101010101010101010101010101010101010101010101010101010
0110101010101010101010101010101010101010101010101010101010101010101010101010101010101010101010101010
0110101010101010101010101010101010101010101010101010101010101010101010101010101010101010101010101010
0110101010101010101010101010101010101010101010101010101010101010101010101010101010101010101010101010
0110101010101010101010101010101010101010101010101010101010101010101010101010101010101010101010101010
0110101010101010101010101010101010101010101010101010101010101010101010101010101010101010101010101010
0110101010101010101010101010101010101010101010101010101010101010101010101010101010101010101010101010
0110101010101010101010101010101010101010101010101010101010101010101010101010101010101010101010101010
0110101010101010101010101010101010101010101010101010101010101010101010101010101010101010101010101010
0110101010101010101010101010101010101010101010101010101010101010101010101010101010101010101010101010
0110101010101010101010101010101010101010101010101010101010101010101010101010101010101010101010101010
0110101010101010101010101010101010101010101010101010101010101010101010101010101010101010101010101010
0110101010101010101010101010101010101010101010101010101010101010101010101010101010101010101010101010
0110101010101010101010101010101010101010101010101010101010101010101010101010101010101010101010101010
