0000000000000000000000000000000000000000000000000010000000000000000000000000000000000000000000000000
0111111111111111111111111111111111111111111111111101111111111111111111111111111111111111111111111110
0100000000000000000000000000000000000000000000000001000000000000000000000000000000000000000000000000
0011111111111111111111111111111111111111111111111110111111111111111111111111111111111111111111111110
0110000000000000000000000000000000000000000000000000100000000000000000000000000000000000000000000000
0101111111111111111111111111111111111111111111111111011111111111111111111111111111111111111111111110
0001000000000000000000000000000000000000000000000000010000000000000000000000000000000000000000000000
0110111111111111111111111111111111111111111111111111101111111111111111111111111111111111111111111110
0100100000000000000000000000000000000000000000000000001000000000000000000000000000000000000000000000
0011011111111111111111111111111111111111111111111111110111111111111111111111111111111111111111111110
0110010000000000000000000000000000000000000000000000000100000000000000000000000000000000000000000000
0101101111111111111111111111111111111111111111111111111011111111111111111111111111111111111111111110
0001001000000000000000000000000000000000000000000000000010000000000000000000000000000000000000000000
0110110111111111111111111111111111111111111111111111111101111111111111111111111111111111111111111110
0100100100000000000000000000000000000000000000000000000001000000000000000000000000000000000000000000
0011011011111111111111111111111111111111111111111111111110111111111111111111111111111111111111111110
0110010010000000000000000000000000000000000000000000000000100000000000000000000000000000000000000000
0101101101111111111111111111111111111111111111111111111111011111111111111111111111111111111111111110
0001001001000000000000000000000000000000000000000000000000010000000000000000000000000000000000000000
0110110110111111111111111111111111111111111111111111111111101111111111111111111111111111111111111110
0100100100100000000000000000000000000000000000000000000000001000000000000000000000000000000000000000
0011011011011111111111111111111111111111111111111111111111110111111111111111111111111111111111111110
0110010010010000000000000000000000000000000000000000000000000100000000000000000000000000000000000000
0101101101101111111111111111111111111111111111111111111111111011111111111111111111111111111111111110
0001001001001000000000000000000000000000000000000000000000000010000000000000000000000000000000000000
0110110110110111111111111111111111111111111111111111111111111101111111111111111111111111111111111110
0100100100100100000000000000000000000000000000000000000000000001000000000000000000000000000000000000
0011011011011011111111111111111111111111111111111111111111111110111111111111111111111111111111111110
0110010010010010000000000000000000000000000000000000000000000000100000000000000000000000000000000000
0101101101101101111111111111111111111111111111111111111111111111011111111111111111111111111111111110
0001001001001001000000000000000000000000000000000000000000000000010000000000000000000000000000000000
0110110110110110111111111111111111111111111111111111111111111111101111111111111111111111111111111110
0100100100100100100000000000000000000000000000000000000000000000001000000000000000000000000000000000
0011011011011011011111111111111111111111111111111111111111111111110111111111111111111111111111111110
0110010010010010010000000000000000000000000000000000000000000000000100000000000000000000000000000000
0101101101101101101111111111111111111111111111111111111111111111111011111111111111111111111111111110
0001001001001001001000000000000000000000000000000000000000000000000010000000000000000000000000000000
0110110110110110110111111111111111111111111111111111111111111111111101111111111111111111111111111110
0100100100100100100100000000000000000000000000000000000000000000000001000000000000000000000000000000
0011011011011011011011111111111111111111111111111111111111111111111110111111111111111111111111111110
0110010010010010010010000000000000000000000000000000000000000000000000100000000000000000000000000000
0101101101101101101101111111111111111111111111111111111111111111111111011111111111111111111111111110
0001001001001001001001000000000000000000000000000000000000000000000000010000000000000000000000000000
0110110110110110110110111111111111111111111111111111111111111111111111101111111111111111111111111110
0100100100100100100100100000000000000000000000000000000000000000000000001000000000000000000000000000
0011011011011011011011011111111111111111111111111111111111111111111111110111111111111111111111111110
0110010010010010010010010000000000000000000000000000000000000000000000000100000000000000000000000000
0101101101101101101101101111111111111111111111111111111111111111111111111011111111111111111111111110
0001001001001001001001001000000000000000000000000000000000000000000000000010000000000000000000000000
0110110110110110110110110111111111111111111111111111111111111111111111111101111111111111111111111110
0100100100100100100100100100000000000000000000000000000000000000000000000001000000000000000000000000
0011011011011011011011011011111111111111111111111111111111111111111111111110111111111111111111111110
0110010010010010010010010010000000000000000000000000000000000000000000000000100000000000000000000000
0101101101101101101101101101111111111111111111111111111111111111111111111111011111111111111111111110
0001001001001001001001001001000000000000000000000000000000000000000000000000010000000000000000000000
0110110110110110110110110110111111111111111111111111111111111111111111111111101111111111111111111110
0100100100100100100100100100100000000000000000000000000000000000000000000000001000000000000000000000
0011011011011011011011011011011111111111111111111111111111111111111111111111110111111111111111111110
0110010010010010010010010010010000000000000000000000000000000000000000000000000100000000000000000000
0101101101101101101101101101101111111111111111111111111111111111111111111111111011111111111111111110
0001001001001001001001001001001000000000000000000000000000000000000000000000000010000000000000000000
0110110110110110110110110110110111111111111111111111111111111111111111111111111101111111111111111110
0100100100100100100100100100100100000000000000000000000000000000000000000000000001000000000000000000
0011011011011011011011011011011011111111111111111111111111111111111111111111111110111111111111111110
0110010010010010010010010010010010000000000000000000000000000000000000000000000000100000000000000000
0101101101101101101101101101101101111111111111111111111111111111111111111111111111011111111111111110
0001001001001001001001001001001001000000000000000000000000000000000000000000000000010000000000000000
0110110110110110110110110110110110111111111111111111111111111111111111111111111111101111111111111110
0100100100100100100100100100100100100000000000000000000000000000000000000000000000001000000000000000
0011011011011011011011011011011011011111111111111111111111111111111111111111111111110111111111111110
0110010010010010010010010010010010010000000000000000000000000000000000000000000000000100000000000000
0101101101101101101101101101101101101111111111111111111111111111111111111111111111111011111111111110
0001001001001001001001001001001001001000000000000000000000000000000000000000000000000010000000000000
0110110110110110110110110110110110110111111111111111111111111111111111111111111111111101111111111110
0100100100100100100100100100100100100100000000000000000000000000000000000000000000000001000000000000
0011011011011011011011011011011011011011111111111111111111111111111111111111111111111110111111111110
0110010010010010010010010010010010010010000000000000000000000000000000000000000000000000100000000000
0101101101101101101101101101101101101101111111111111111111111111111111111111111111111111011111111110
0001001001001001001001001001001001001001000000000000000000000000000000000000000000000000010000000000
0110110110110110110110110110110110110110111111111111111111111111111111111111111111111111101111111110
0100100100100100100100100100100100100100100000000000000000000000000000000000000000000000001000000000
0011011011011011011011011011011011011011011111111111111111111111111111111111111111111111110111111110
0110010010010010010010010010010010010010010000000000000000000000000000000000000000000000000100000000
0101101101101101101101101101101101101101101111111111111111111111111111111111111111111111111011111110
0001001001001001001001001001001001001001001000000000000000000000000000000000000000000000000010000000
0110110110110110110110110110110110110110110111111111111111111111111111111111111111111111111101111110
0100100100100100100100100100100100100100100100000000000000000000000000000000000000000000000001000000
0011011011011011011011011011011011011011011011111111111111111111111111111111111111111111111110111110
0110010010010010010010010010010010010010010010000000000000000000000000000000000000000000000000100000
0101101101101101101101101101101101101101101101111111111111111111111111111111111111111111111111011110
0001001001001001001001001001001001001001001001000000000000000000000000000000000000000000000000010000
0110110110110110110110110110110110110110110110111111111111111111111111111111111111111111111111101110
0100100100100100100100100100100100100100100100100000000000000000000000000000000000000000000000001000
0011011011011011011011011011011011011011011011011111111111111111111111111111111111111111111111110110
0110010010010010010010010010010010010010010010010000000000000000000000000000000000000000000000000100
0101101101101101101101101101101101101101101101101111111111111111111111111111111111111111111111111010
0001001001001001001001001001001001001001001001001000000000000000000000000000000000000000000000000000
0110110110110110110110110110110110110110110110110111111111111111111111111111111111111111111111111110
0100100100100100100100100100100100100100100100100100000000000000000000000000000000000000000000000000
0011011011011011011011011011011011011011011011011011111111111111111111111111111111111111111111111110
