0000000000000000000000000000000000000000000000000010000000000000000000000000000000000000000000000000
0111111111111111111111111111111111111111111111111110111111111111111111111111111111111111111111111110
0100000000000000000000000000000000000000000000000000100000000000000000000000000000000000000000000000
0101111111111111111111111111111111111111111111111111101111111111111111111111111111111111111111111110
0101000000000000000000000000000000000000000000000000001000000000000000000000000000000000000000000000
0101011111111111111111111111111111111111111111111111111011111111111111111111111111111111111111111110
0101010000000000000000000000000000000000000000000000000010000000000000000000000000000000000000000000
0101010111111111111111111111111111111111111111111111111110111111111111111111111111111111111111111110
0101010100000000000000000000000000000000000000000000000000100000000000000000000000000000000000000000
0101010101111111111111111111111111111111111111111111111111101111111111111111111111111111111111111110
0101010101000000000000000000000000000000000000000000000000001000000000000000000000000000000000000000
0101010101011111111111111111111111111111111111111111111111111011111111111111111111111111111111111110
0101010101010000000000000000000000000000000000000000000000000010000000000000000000000000000000000000
0101010101010111111111111111111111111111111111111111111111111110111111111111111111111111111111111110
0101010101010100000000000000000000000000000000000000000000000000100000000000000000000000000000000000
0101010101010101111111111111111111111111111111111111111111111111101111111111111111111111111111111110
0101010101010101000000000000000000000000000000000000000000000000001000000000000000000000000000000000
0101010101010101011111111111111111111111111111111111111111111111111011111111111111111111111111111110
0101010101010101010000000000000000000000000000000000000000000000000010000000000000000000000000000000
0101010101010101010111111111111111111111111111111111111111111111111110111111111111111111111111111110
0101010101010101010100000000000000000000000000000000000000000000000000100000000000000000000000000000
0101010101010101010101111111111111111111111111111111111111111111111111101111111111111111111111111110
0101010101010101010101000000000000000000000000000000000000000000000000001000000000000000000000000000
0101010101010101010101011111111111111111111111111111111111111111111111111011111111111111111111111110
0101010101010101010101010000000000000000000000000000000000000000000000000010000000000000000000000000
0101010101010101010101010111111111111111111111111111111111111111111111111110111111111111111111111110
0101010101010101010101010100000000000000000000000000000000000000000000000000100000000000000000000000
0101010101010101010101010101111111111111111111111111111111111111111111111111101111111111111111111110
0101010101010101010101010101000000000000000000000000000000000000000000000000001000000000000000000000
0101010101010101010101010101011111111111111111111111111111111111111111111111111011111111111111111110
0101010101010101010101010101010000000000000000000000000000000000000000000000000010000000000000000000
0101010101010101010101010101010111111111111111111111111111111111111111111111111110111111111111111110
0101010101010101010101010101010100000000000000000000000000000000000000000000000000100000000000000000
0101010101010101010101010101010101111111111111111111111111111111111111111111111111101111111111111110
0101010101010101010101010101010101000000000000000000000000000000000000000000000000001000000000000000
0101010101010101010101010101010101011111111111111111111111111111111111111111111111111011111111111110
0101010101010101010101010101010101010000000000000000000000000000000000000000000000000010000000000000
0101010101010101010101010101010101010111111111111111111111111111111111111111111111111110111111111110
0101010101010101010101010101010101010100000000000000000000000000000000000000000000000000100000000000
0101010101010101010101010101010101010101111111111111111111111111111111111111111111111111101111111110
0101010101010101010101010101010101010101000000000000000000000000000000000000000000000000001000000000
0101010101010101010101010101010101010101011111111111111111111111111111111111111111111111111011111110
0101010101010101010101010101010101010101010000000000000000000000000000000000000000000000000010000000
0101010101010101010101010101010101010101010111111111111111111111111111111111111111111111111110111110
0101010101010101010101010101010101010101010100000000000000000000000000000000000000000000000000100000
0101010101010101010101010101010101010101010101111111111111111111111111111111111111111111111111101110
0101010101010101010101010101010101010101010101000000000000000000000000000000000000000000000000001000
0101010101010101010101010101010101010101010101011111111111111111111111111111111111111111111111111010
0101010101010101010101010101010101010101010101010000000000000000000000000000000000000000000000000010
0101010101010101010101010101010101010101010101010111111111111111111111111111111111111111111111111110
0101010101010101010101010101010101010101010101010100000000000000000000000000000000000000000000000000
0101010101010101010101010101010101010101010101010101111111111111111111111111111111111111111111111110
0101010101010101010101010101010101010101010101010101000000000000000000000000000000000000000000000000
0101010101010101010101010101010101010101010101010101011111111111111111111111111111111111111111111110
0101010101010101010101010101010101010101010101010101010000000000000000000000000000000000000000000000
0101010101010101010101010101010101010101010101010101010111111111111111111111111111111111111111111110
0101010101010101010101010101010101010101010101010101010100000000000000000000000000000000000000000000
0101010101010101010101010101010101010101010101010101010101111111111111111111111111111111111111111110
0101010101010101010101010101010101010101010101010101010101000000000000000000000000000000000000000000
0101010101010101010101010101010101010101010101010101010101011111111111111111111111111111111111111110
0101010101010101010101010101010101010101010101010101010101010000000000000000000000000000000000000000
0101010101010101010101010101010101010101010101010101010101010111111111111111111111111111111111111110
0101010101010101010101010101010101010101010101010101010101010100000000000000000000000000000000000000
0101010101010101010101010101010101010101010101010101010101010101111111111111111111111111111111111110
0101010101010101010101010101010101010101010101010101010101010101000000000000000000000000000000000000
0101010101010101010101010101010101010101010101010101010101010101011111111111111111111111111111111110
0101010101010101010101010101010101010101010101010101010101010101010000000000000000000000000000000000
0101010101010101010101010101010101010101010101010101010101010101010111111111111111111111111111111110
0101010101010101010101010101010101010101010101010101010101010101010100000000000000000000000000000000
0101010101010101010101010101010101010101010101010101010101010101010101111111111111111111111111111110
0101010101010101010101010101010101010101010101010101010101010101010101000000000000000000000000000000
0101010101010101010101010101010101010101010101010101010101010101010101011111111111111111111111111110
0101010101010101010101010101010101010101010101010101010101010101010101010000000000000000000000000000
0101010101010101010101010101010101010101010101010101010101010101010101010111111111111111111111111110
0101010101010101010101010101010101010101010101010101010101010101010101010100000000000000000000000000
0101010101010101010101010101010101010101010101010101010101010101010101010101111111111111111111111110
0101010101010101010101010101010101010101010101010101010101010101010101010101000000000000000000000000
0101010101010101010101010101010101010101010101010101010101010101010101010101011111111111111111111110
0101010101010101010101010101010101010101010101010101010101010101010101010101010000000000000000000000
0101010101010101010101010101010101010101010101010101010101010101010101010101010111111111111111111110
0101010101010101010101010101010101010101010101010101010101010101010101010101010100000000000000000000
0101010101010101010101010101010101010101010101010101010101010101010101010101010101111111111111111110
0101010101010101010101010101010101010101010101010101010101010101010101010101010101000000000000000000
0101010101010101010101010101010101010101010101010101010101010101010101010101010101011111111111111110
0101010101010101010101010101010101010101010101010101010101010101010101010101010101010000000000000000
0101010101010101010101010101010101010101010101010101010101010101010101010101010101010111111111111110
0101010101010101010101010101010101010101010101010101010101010101010101010101010101010100000000000000
0101010101010101010101010101010101010101010101010101010101010101010101010101010101010101111111111110
0101010101010101010101010101010101010101010101010101010101010101010101010101010101010101000000000000
0101010101010101010101010101010101010101010101010101010101010101010101010101010101010101011111111110
0101010101010101010101010101010101010101010101010101010101010101010101010101010101010101010000000000
0101010101010101010101010101010101010101010101010101010101010101010101010101010101010101010111111110
0101010101010101010101010101010101010101010101010101010101010101010101010101010101010101010100000000
0101010101010101010101010101010101010101010101010101010101010101010101010101010101010101010101111110
0101010101010101010101010101010101010101010101010101010101010101010101010101010101010101010101000000
0101010101010101010101010101010101010101010101010101010101010101010101010101010101010101010101011110
0101010101010101010101010101010101010101010101010101010101010101010101010101010101010101010101010000
0101010101010101010101010101010101010101010101010101010101010101010101010101010101010101010101010110
0101010101010101010101010101010101010101010101010101010101010101010101010101010101010101010101010100
0101010101010101010101010101010101010101010101010101010101010101010101010101010101010101010101010100
