0000000000000000000000000000000000000000000000000010000000000000000000000000000000000000000000000000
0000000000000000000000000000000000000000000000000111000000000000000000000000000000000000000000000000
0000000000000000000000000000000000000000000000001100100000000000000000000000000000000000000000000000
0000000000000000000000000000000000000000000000011011110000000000000000000000000000000000000000000000
0000000000000000000000000000000000000000000000110010001000000000000000000000000000000000000000000000
0000000000000000000000000000000000000000000001101111011100000000000000000000000000000000000000000000
0000000000000000000000000000000000000000000011001000010010000000000000000000000000000000000000000000
0000000000000000000000000000000000000000000110111100111111000000000000000000000000000000000000000000
0000000000000000000000000000000000000000001100100011100000100000000000000000000000000000000000000000
0000000000000000000000000000000000000000011011110110010001110000000000000000000000000000000000000000
0000000000000000000000000000000000000000110010000101111011001000000000000000000000000000000000000000
0000000000000000000000000000000000000001101111001101000010111100000000000000000000000000000000000000
0000000000000000000000000000000000000011001000111001100110100010000000000000000000000000000000000000
0000000000000000000000000000000000000110111101100111011100110111000000000000000000000000000000000000
0000000000000000000000000000000000001100100001011100010011100100100000000000000000000000000000000000
0000000000000000000000000000000000011011110011010010111110011111110000000000000000000000000000000000
0000000000000000000000000000000000110010001110011110100001110000001000000000000000000000000000000000
0000000000000000000000000000000001101111011001110000110011001000011100000000000000000000000000000000
0000000000000000000000000000000011001000010111001001101110111100110010000000000000000000000000000000
0000000000000000000000000000000110111100110100111111001000100011101111000000000000000000000000000000
0000000000000000000000000000001100100011100111100000111101110110001000100000000000000000000000000000
0000000000000000000000000000011011110110011100010001100001000101011101110000000000000000000000000000
0000000000000000000000000000110010000101110010111011010011101101010001001000000000000000000000000000
0000000000000000000000000001101111001101001110100010011110001001011011111100000000000000000000000000
0000000000000000000000000011001000111001111000110111110001011111010010000010000000000000000000000000
0000000000000000000000000110111101100111000101100100001011010000011111000111000000000000000000000000
0000000000000000000000001100100001011100101101011110011010011000110000101100100000000000000000000000
0000000000000000000000011011110011010011101001010001110011110101101001101011110000000000000000000000
0000000000000000000000110010001110011110001111011011001110000101001111001010001000000000000000000000
0000000000000000000001101111011001110001011000010010111001001101111000111011011100000000000000000000
0000000000000000000011001000010111001011010100111110100111111001000101100010010010000000000000000000
0000000000000000000110111100110100111010010111100000111100000111101101010111111111000000000000000000
0000000000000000001100100011100111100011110100010001100010001100001001010100000000100000000000000000
0000000000000000011011110110011100010110000110111011010111011010011111010110000001110000000000000000
0000000000000000110010000101110010110101001100100010010100010011110000010101000011001000000000000000
0000000000000001101111001101001110100101111011110111110110111110001000110101100110111100000000000000
0000000000000011001000111001111000111101000010000100000100100001011101100101011100100010000000000000
0000000000000110111101100111000101100001100111001110001111110011010001011101010011110111000000000000
0000000000001100100001011100101101010011011100111001011000001110011011010001011110000100100000000000
0000000000011011110011010011101001011110010011100111010100011001110010011011010001001111110000000000
0000000000110010001110011110001111010001111110011100010110110111001111110010011011111000001000000000
0000000001101111011001110001011000011011000001110010110100100100111000001111110010000100011100000000
0000000011001000010111001011010100110010100011001110100111111111100100011000001111001110110010000000
0000000110111100110100111010010111101110110110111000111100000000011110110100011000111000101111000000
0000001100100011100111100011110100001000100100100101100010000000110000100110110101100101101000100000
0000011011110110011100010110000110011101111111111101010111000001101001111100100101011101001101110000
0000110010000101110010110101001101110001000000000001010100100011001111000011111101010001111001001000
0001101111001101001110100101111001001011100000000011010111110110111000100110000001011011000111111100
0011001000111001111000111101000111111010010000000110010100000100100101111101000011010010101100000010
0110111101100111000101100001101100000011111000001101110110001111111101000001100110011110101010000110
0100100001011100101101010011001010000110000100011001000101011000000001100011011101110000101011001100
0111110011010011101001011110111011001101001110110111101101010100000011010110010001001001101010111010
0100001110011110001111010000100010111001111000100100001001010110000110010101111011111111001010100010
0110011001110001011000011001110110100111000101111110011111010101001101110101000010000000111010110110
0101110111001011010100110111000100111100101101000001110000010101111001000101100111000001100010100100
0101000100111010010111100100101111100011101001100011001000110101000111101101011100100011010110111110
0101101111100011110100011111101000010110001111010110111101100101101100001001010011110110010100100000
0101001000010110000110110000001100110101011000010100100001011101001010011111011110000101110111110000
0101111100110101001100101000011011100101010100110111110011010001111011110000010001001101000100001000
0101000011100101111011101100110010011101010111100100001110011011000010001000111011111001101110011100
0101100110011101000010001011101111110001010100011110011001110010100111011101100010000111001001110010
0101011101110001100111011010001000001011010110110001110111001110111100010001010111001100111111001110
0101010001001011011100010011011100011010010100101011000100111000100010111011010100111011100000111000
0101011011111010010010111110010010110011110111101010101111100101110110100010010111100010010001100100
0101010010000011111110100001111110101110000100001010101000011101000100110111110100010111111011011110
0101011111000110000000110011000000101001001110011010101100110001101111100100000110110100000010010000
0101010000101101000001101110100001101111111001110010101011101011001000011110001100100110000111111000
0101011001101001100011001000110011001000000111001110101010001010111100110001011011111101001100000100
0101010111001111010110111101101110111100001100111000101011011010100011101011010010000001111010001110
0101010100111000010100100001001000100010011011100101101010010010110110001010011111000011000011011000
0101010111100100110111110011111101110111110010011101001011111110100101011011110000100110100110010100
0101010100011111100100001110000001000100001111110001111010000000111101010010001001111100111101110110
0101010110110000011110011001000011101110011000001011000011000001100001011111011111000011100001000100
0101010100101000110001110111100110001001110100011010100110100011010011010000010000100110010011101110
0101010111101101101011000100011101011111000110110010111100110110011110011000111001111101111110001000
0101010100001001001010101110110001010000101100101110100011100101110001110101100111000001000001011100
0101010110011111111010101000101011011001101011101000110110011101001011000101011100100011100011010010
0101010101110000000010101101101010010111001010001101100101110001111010101101010011110110010110011110
0101010101001000000110101001001011110100111011011001011101001011000010101001011110000101110101110000
0101010101111100001100101111111010000111100010010111010001111010100110101111010001001101000101001000
0101010101000010011011101000000011001100010111110100011011000010111100101000011011111001101101111100
0101010101100111110010001100000110111010110100000110110010100110100011101100110010000111001001000010
0101010101011100001111011010001100100010100110001100101110111100110110001011101111001100111111100110
0101010101010010011000010011011011110110111101011011101000100011100101011010001000111011100000011100
0101010101011111110100111110010010000100100001010010001101110110011101010011011101100010010000110010
0101010101010000000111100001111111001111110011011111011001000101110001011110010001010111111001101110
0101010101011000001100010011000000111000001110010000010111101101001011010001111011010100000111001000
0101010101010100011010111110100001100100011001111000110100001001111010011011000010010110001100111100
0101010101010110110010100000110011011110110111000101100110011111000011110010100111110101011011100010
0101010101010100101110110001101110010000100100101101011101110000100110001110111100000101010010010110
0101010101010111101000101011001001111001111111101001010001001001111101011000100010001101011111110100
0101010101010100001101101010111111000111000000001111011011111111000001010101110111011001010000000110
0101010101010110011001001010100000101100100000011000010010000000100011010101000100010111011000001100
0101010101010101110111111010110001101011110000110100111111000001110110010101101110110100010100011010
0101010101010101000100000010101011001010001001100111100000100011000101110101001000100110110110110010
0101010101010101101110000110101010111011011111011100010001110110101101000101111101111100100100101110
0101010101010101001001001100101010100010010000010010111011000100101001101101000001000011111111101000
0101010101010101111111111011101010110111111000111110100010101111101111001001100011100110000000001100
0101010101010101000000000010001010100100000101100000110110101000001000111111010110011101000000011010
0101010101010101100000000111011010111110001101010001100100101100011101100000010101110001100000110010
