0000000000000000000000000000000000000000000000000010000000000000000000000000000000000000000000000000
0111111111111111111111111111111111111111111111111100111111111111111111111111111111111111111111111110
0100000000000000000000000000000000000000000000000101100000000000000000000000000000000000000000000010
0001111111111111111111111111111111111111111111111001101111111111111111111111111111111111111111111100
0111000000000000000000000000000000000000000000001011101000000000000000000000000000000000000000000100
0101011111111111111111111111111111111111111111110010100011111111111111111111111111111111111111111000
0000010000000000000000000000000000000000000000010100001110000000000000000000000000000000000000001010
0111100111111111111111111111111111111111111111100001111010111111111111111111111111111111111111110000
0100101100000000000000000000000000000000000000101111001000100000000000000000000000000000000000010110
0001001101111111111111111111111111111111111111001001010011001111111111111111111111111111111111100110
0110011101000000000000000000000000000000000001010010000111011000000000000000000000000000000000101110
0110110100011111111111111111111111111111111110000100111101011011111111111111111111111111111111001010
0110110001110000000000000000000000000000000010111001100100011010000000000000000000000000000001010000
0110110111010111111111111111111111111111111100101011101001111000111111111111111111111111111110000110
0110110101000100000000000000000000000000000101000010100011001011100000000000000000000000000010111110
0110110000011001111111111111111111111111111000011100001111010010101111111111111111111111111100100010
0110110111111011000000000000000000000000001011110101111001000100001000000000000000000000000101001100
0110110100001011011111111111111111111111110010010001001010011001110011111111111111111111111000011100
0110110001110011010000000000000000000000010100100110010000111011010110000000000000000000001011110100
0110110111010111000111111111111111111111100001001110100111101011000110111111111111111111110010010000
0110110101000101011100000000000000000000101110011010001100100011011110100000000000000000010100100110
0110110000011000010101111111111111111111001010111000111101001111010010001111111111111111100001001110
0110110111111011100001000000000000000001010000101011100100011001000100111000000000000000101110011010
0110110100001010101110011111111111111110000111000010101001111010011001101011111111111111001010111000
0110110001110000001010110000000000000010111101011100000011001000111011100010000000000001010000101010
0110110111010111110000110111111111111100100100010101111111010011101010101100111111111110000111000000
0110110101000100010111110100000000000101001001100001000001000110100000001101100000000010111101011110
0110110000011001100100010001111111111000010011101110011110011110001111111101101111111100100100010010
0110110111111011101001100111000000001011100110101010110010110010111000000101101000000101001001100100
0110110100001010100011101101011111110010101110000000110100110100101011111001100011111000010011101000
0110110001110000001110101100010000010100001010111111110001110001000010001011101110001011100110100010
0110110111010111111010001101100111100001110000100000010111010110011100110010101010110010101110001100
0110110101000100001000111101101100101111010111001111100101000110110101110100000000110100001010111100
0110110000011001110011100101101101001001000101011000101000011110110001010001111111110001110000100100
0110110111111011010110101001101100010010011000011011000011110010110110000111000000010111010111001000
0110110100001011000110000011101101100100111011111011011110010100110110111101011111100101000101010010
0110110001110011011110111110101101101001101010001011010010100001110110100100010000101000011000000100
0110110111010111010010100010001101100011100000110011000100001111010110001001100111000011111011111000
0110110101000101000100001100111101101110101111110111011001111001000110110011101101011110001010001010
0110110000011000011001111101100101101010001000010101011011001010011110110110101100010010110000110000
0110110111111011111011000101101001100000110011100000011011010000110010110110001101100100110111110110
0110110100001010001011011001100011101111110110101111111011000111110100110110111101101001110100010110
0110110001110000110011011011101110101000010110001000001011011100010001110110100101100011010001100110
0110110111010111110111011010101010000011100110110011110011010101100111010110001001101111000111101110
0110110101000100010101011000000000111110101110110110010111000001101101000110110011101001011100101010
0110110000011001100000011011111111100010001010110110100101011111101100011110110110100010010101000000
0110110111111011101111111010000000101100110000110110001000010000101101110010110110001100100000011110
0110110100001010101000001000111111001101110111110110110011100111001101010100110110111101001111110010
0110110001110000000011110011100001011101010100010110110110101101011100000001110110100100011000010100
0110110111010111111110010110101110010100000001100110110110001100010101111111010110001001111011100000
0110110101000100000010100110001010100001111111101110110110111101100001000001000110110011001010101110
0110110000011001111100001110110000001111000000101010110110100101101110011110011110110111010000001010
0110110111111011000101111010110111111001011111000000110110001001101010110010110010110101000111110000
0110110100001011011001001000110100001010010001011111110110110011100000110100110100110000011100010110
0110110001110011011010010011110001110000100110010000010110110110101111110001110001110111110101100110
0110110111010111011000100110010111010111001110100111100110110110001000010111010111010100010001101110
0110110101000101011011001110100101000101011010001100101110110110110011100101000101000001100111101010
0110110000011000011011011010001000011000011000111101001010110110110110101000011000011111101100100000
0110110111111011111011011000110011111011111011100100010000110110110110000011111011110000101101001110
0110110100001010001011011011110110001010001010101001100111110110110110111110001010010111001100011010
0110110001110000110011011010010110110000110000000011101100010110110110100010110000100101011101111000
0110110111010111110111011000100110110111110111111110101101100110110110001100110111001000010101001010
0110110101000100010101011011001110110100010100000010001101101110110110111101110101010011100000010000
0110110000011001100000011011011010110001100001111100111101101010110110100101010000000110101111100110
0110110111111011101111111011011000110111101111000101100101100000110110001000000111111110001000101110
0110110100001010101000001011011011110100101001011001101001101111110110110011111100000010110011001010
0110110001110000000011110011011010010001000010011011100011101000010110110110000101111100110111010000
0110110111010111111110010111011000100110011100111010101110100011100110110110111001000101110101000110
0110110101000100000010100101011011001110110101101000001010001110101110110110101010011001010000011110
0110110000011001111100001000011011011010110001100011110000111010001010110110000000111010000111110010
0110110111111011000101110011111011011000110111101110010111101000110000110110111111101000111100010100
0110110100001011011001010110001011011011110100101010100100100011110111110110100000100011100101100000
0110110001110011011010000110110011011010010001000000001001001110010100010110001111001110101001101110
0110110111010111011000111110110111011000100110011111110010011010100001100110111001011010000011101010
0110110101000101011011100010110101011011001110110000010100111000001111101110101010011000111110100000
0110110000011000011010101100110000011011011010110111100001101011111000101010000000111011100010001110
0110110111111011111000001101110111111011011000110100101111100010001011000000111111101010101100111010
0110110100001010001011111101010100001011011011110001001000101100110011011111100000100000001101101000
0110110001110000110010000100000001110011011010010110010011001101110111010000101111001111111101100010
0110110111010111110100111001111111010111011000100110100111011101010101000111001001011000000101101100
0110110101000100010001101011000001000101011011001110001101010100000000011101010010011011111001101100
0110110000011001100111100011011110011000011011011010111100000001111111110100000100111010001011101100
0110110111111011101100101111010010111011111011011000100101111111000000010001111001101000110010101100
0110110100001010101101001001000100101010001011011011001001000001011111100111001011100011110100001100
0110110001110000001100010010011001000000110011011011010010011110010000101101010010101110010001111100
0110110111010111111101100100111010011111110111011011000100110010100111001100000100001010100111000100
0110110101000100000101101001101000110000010101011011011001110100001101011101111001110000001101011000
0110110000011001111001100011100011110111100000011011011011010001111100010101001011010111111100011010
0110110111111011001011101110101110010100101111111011011011000111000101100000010011000100000101111000
0110110100001011010010101010001010100001001000001011011011011101011001101111100111011001111001001010
0110110001110011000100000000110000001110010011110011011011010100011011101000101101011011001010010000
0110110111010111011001111111110111111010100110010111011011000001111010100011001100011011010000100110
0110110101000101011011000000010100001000001110100101011011011111001000001111011101111011000111001110
0110110000011000011011011111100001110011111010001000011011010001010011111001010101001011011101011010
0110110111111011111011010000101111010110001000110011111011000110000110001010000000010011010100011000
0110110100001010001011000111001001000110110011110110001011011110111110110000111111100111000001111010
0110110001110000110011011101010010011110110110010110110011010010100010110111100000101101011111001000
0110110111010111110111010100000100110010110110100110110111000100001100110100101111001100010001010010
0110110101000100010101000001111001110100110110001110110101011001111101110001001001011101100110000100
0110110000011001100000011111001011010001110110111010110000011011000101010110010010010101101110111000
