0000000000000000000000000000000000000000000000000010000000000000000000000000000000000000000000000000
0111111111111111111111111111111111111111111111111000111111111111111111111111111111111111111111111110
0000000000000000000000000000000000000000000000001010000000000000000000000000000000000000000000000010
0111111111111111111111111111111111111111111111100000111111111111111111111111111111111111111111111000
0000000000000000000000000000000000000000000000101110000000000000000000000000000000000000000000001010
0111111111111111111111111111111111111111111110000010111111111111111111111111111111111111111111100000
0000000000000000000000000000000000000000000010111000000000000000000000000000000000000000000000101110
0111111111111111111111111111111111111111111000001011111111111111111111111111111111111111111110000010
0000000000000000000000000000000000000000001011100000000000000000000000000000000000000000000010111000
0111111111111111111111111111111111111111100000101111111111111111111111111111111111111111111000001010
0000000000000000000000000000000000000000101110000000000000000000000000000000000000000000001011100000
0111111111111111111111111111111111111110000010111111111111111111111111111111111111111111100000101110
0000000000000000000000000000000000000010111000000000000000000000000000000000000000000000101110000010
0111111111111111111111111111111111111000001011111111111111111111111111111111111111111110000010111000
0000000000000000000000000000000000001011100000000000000000000000000000000000000000000010111000001010
0111111111111111111111111111111111100000101111111111111111111111111111111111111111111000001011100000
0000000000000000000000000000000000101110000000000000000000000000000000000000000000001011100000101110
0111111111111111111111111111111110000010111111111111111111111111111111111111111111100000101110000010
0000000000000000000000000000000010111000000000000000000000000000000000000000000000101110000010111000
0111111111111111111111111111111000001011111111111111111111111111111111111111111110000010111000001010
0000000000000000000000000000001011100000000000000000000000000000000000000000000010111000001011100000
0111111111111111111111111111100000101111111111111111111111111111111111111111111000001011100000101110
0000000000000000000000000000101110000000000000000000000000000000000000000000001011100000101110000010
0111111111111111111111111110000010111111111111111111111111111111111111111111100000101110000010111000
0000000000000000000000000010111000000000000000000000000000000000000000000000101110000010111000001010
0111111111111111111111111000001011111111111111111111111111111111111111111110000010111000001011100000
0000000000000000000000001011100000000000000000000000000000000000000000000010111000001011100000101110
0111111111111111111111100000101111111111111111111111111111111111111111111000001011100000101110000010
0000000000000000000000101110000000000000000000000000000000000000000000001011100000101110000010111000
0111111111111111111110000010111111111111111111111111111111111111111111100000101110000010111000001010
0000000000000000000010111000000000000000000000000000000000000000000000101110000010111000001011100000
0111111111111111111000001011111111111111111111111111111111111111111110000010111000001011100000101110
0000000000000000001011100000000000000000000000000000000000000000000010111000001011100000101110000010
0111111111111111100000101111111111111111111111111111111111111111111000001011100000101110000010111000
0000000000000000101110000000000000000000000000000000000000000000001011100000101110000010111000001010
0111111111111110000010111111111111111111111111111111111111111111100000101110000010111000001011100000
0000000000000010111000000000000000000000000000000000000000000000101110000010111000001011100000101110
0111111111111000001011111111111111111111111111111111111111111110000010111000001011100000101110000010
0000000000001011100000000000000000000000000000000000000000000010111000001011100000101110000010111000
0111111111100000101111111111111111111111111111111111111111111000001011100000101110000010111000001010
0000000000101110000000000000000000000000000000000000000000001011100000101110000010111000001011100000
0111111110000010111111111111111111111111111111111111111111100000101110000010111000001011100000101110
0000000010111000000000000000000000000000000000000000000000101110000010111000001011100000101110000010
0111111000001011111111111111111111111111111111111111111110000010111000001011100000101110000010111000
0000001011100000000000000000000000000000000000000000000010111000001011100000101110000010111000001010
0111100000101111111111111111111111111111111111111111111000001011100000101110000010111000001011100000
0000101110000000000000000000000000000000000000000000001011100000101110000010111000001011100000101110
0110000010111111111111111111111111111111111111111111100000101110000010111000001011100000101110000010
0010111000000000000000000000000000000000000000000000101110000010111000001011100000101110000010111000
0000001011111111111111111111111111111111111111111110000010111000001011100000101110000010111000001010
0111100000000000000000000000000000000000000000000010111000001011100000101110000010111000001011100000
0000101111111111111111111111111111111111111111111000001011100000101110000010111000001011100000101110
0110000000000000000000000000000000000000000000001011100000101110000010111000001011100000101110000010
0010111111111111111111111111111111111111111111100000101110000010111000001011100000101110000010111000
0000000000000000000000000000000000000000000000101110000010111000001011100000101110000010111000001010
0111111111111111111111111111111111111111111110000010111000001011100000101110000010111000001011100000
0000000000000000000000000000000000000000000010111000001011100000101110000010111000001011100000101110
0111111111111111111111111111111111111111111000001011100000101110000010111000001011100000101110000010
0000000000000000000000000000000000000000001011100000101110000010111000001011100000101110000010111000
0111111111111111111111111111111111111111100000101110000010111000001011100000101110000010111000001010
0000000000000000000000000000000000000000101110000010111000001011100000101110000010111000001011100000
0111111111111111111111111111111111111110000010111000001011100000101110000010111000001011100000101110
0000000000000000000000000000000000000010111000001011100000101110000010111000001011100000101110000010
0111111111111111111111111111111111111000001011100000101110000010111000001011100000101110000010111000
0000000000000000000000000000000000001011100000101110000010111000001011100000101110000010111000001010
0111111111111111111111111111111111100000101110000010111000001011100000101110000010111000001011100000
0000000000000000000000000000000000101110000010111000001011100000101110000010111000001011100000101110
0111111111111111111111111111111110000010111000001011100000101110000010111000001011100000101110000010
0000000000000000000000000000000010111000001011100000101110000010111000001011100000101110000010111000
0111111111111111111111111111111000001011100000101110000010111000001011100000101110000010111000001010
0000000000000000000000000000001011100000101110000010111000001011100000101110000010111000001011100000
0111111111111111111111111111100000101110000010111000001011100000101110000010111000001011100000101110
0000000000000000000000000000101110000010111000001011100000101110000010111000001011100000101110000010
0111111111111111111111111110000010111000001011100000101110000010111000001011100000101110000010111000
0000000000000000000000000010111000001011100000101110000010111000001011100000101110000010111000001010
0111111111111111111111111000001011100000101110000010111000001011100000101110000010111000001011100000
0000000000000000000000001011100000101110000010111000001011100000101110000010111000001011100000101110
0111111111111111111111100000101110000010111000001011100000101110000010111000001011100000101110000010
0000000000000000000000101110000010111000001011100000101110000010111000001011100000101110000010111000
0111111111111111111110000010111000001011100000101110000010111000001011100000101110000010111000001010
0000000000000000000010111000001011100000101110000010111000001011100000101110000010111000001011100000
0111111111111111111000001011100000101110000010111000001011100000101110000010111000001011100000101110
0000000000000000001011100000101110000010111000001011100000101110000010111000001011100000101110000010
0111111111111111100000101110000010111000001011100000101110000010111000001011100000101110000010111000
0000000000000000101110000010111000001011100000101110000010111000001011100000101110000010111000001010
0111111111111110000010111000001011100000101110000010111000001011100000101110000010111000001011100000
0000000000000010111000001011100000101110000010111000001011100000101110000010111000001011100000101110
0111111111111000001011100000101110000010111000001011100000101110000010111000001011100000101110000010
0000000000001011100000101110000010111000001011100000101110000010111000001011100000101110000010111000
0111111111100000101110000010111000001011100000101110000010111000001011100000101110000010111000001010
0000000000101110000010111000001011100000101110000010111000001011100000101110000010111000001011100000
0111111110000010111000001011100000101110000010111000001011100000101110000010111000001011100000101110
0000000010111000001011100000101110000010111000001011100000101110000010111000001011100000101110000010
0111111000001011100000101110000010111000001011100000101110000010111000001011100000101110000010111000
0000001011100000101110000010111000001011100000101110000010111000001011100000101110000010111000001010
0111100000101110000010111000001011100000101110000010111000001011100000101110000010111000001011100000
0000101110000010111000001011100000101110000010111000001011100000101110000010111000001011100000101110
0110000010111000001011100000101110000010111000001011100000101110000010111000001011100000101110000010
0010111000001011100000101110000010111000001011100000101110000010111000001011100000101110000010111000
0000001011100000101110000010111000001011100000101110000010111000001011100000101110000010111000001010
