0000000000000000000000000000000000000000000000000010000000000000000000000000000000000000000000000000
0000000000000000000000000000000000000000000000000110000000000000000000000000000000000000000000000000
0000000000000000000000000000000000000000000000001110000000000000000000000000000000000000000000000000
0000000000000000000000000000000000000000000000011010000000000000000000000000000000000000000000000000
0000000000000000000000000000000000000000000000111010000000000000000000000000000000000000000000000000
0000000000000000000000000000000000000000000001101010000000000000000000000000000000000000000000000000
0000000000000000000000000000000000000000000011101010000000000000000000000000000000000000000000000000
0000000000000000000000000000000000000000000110101010000000000000000000000000000000000000000000000000
0000000000000000000000000000000000000000001110101010000000000000000000000000000000000000000000000000
0000000000000000000000000000000000000000011010101010000000000000000000000000000000000000000000000000
0000000000000000000000000000000000000000111010101010000000000000000000000000000000000000000000000000
0000000000000000000000000000000000000001101010101010000000000000000000000000000000000000000000000000
0000000000000000000000000000000000000011101010101010000000000000000000000000000000000000000000000000
0000000000000000000000000000000000000110101010101010000000000000000000000000000000000000000000000000
0000000000000000000000000000000000001110101010101010000000000000000000000000000000000000000000000000
0000000000000000000000000000000000011010101010101010000000000000000000000000000000000000000000000000
0000000000000000000000000000000000111010101010101010000000000000000000000000000000000000000000000000
0000000000000000000000000000000001101010101010101010000000000000000000000000000000000000000000000000
0000000000000000000000000000000011101010101010101010000000000000000000000000000000000000000000000000
0000000000000000000000000000000110101010101010101010000000000000000000000000000000000000000000000000
0000000000000000000000000000001110101010101010101010000000000000000000000000000000000000000000000000
0000000000000000000000000000011010101010101010101010000000000000000000000000000000000000000000000000
0000000000000000000000000000111010101010101010101010000000000000000000000000000000000000000000000000
0000000000000000000000000001101010101010101010101010000000000000000000000000000000000000000000000000
0000000000000000000000000011101010101010101010101010000000000000000000000000000000000000000000000000
0000000000000000000000000110101010101010101010101010000000000000000000000000000000000000000000000000
0000000000000000000000001110101010101010101010101010000000000000000000000000000000000000000000000000
0000000000000000000000011010101010101010101010101010000000000000000000000000000000000000000000000000
0000000000000000000000111010101010101010101010101010000000000000000000000000000000000000000000000000
0000000000000000000001101010101010101010101010101010000000000000000000000000000000000000000000000000
0000000000000000000011101010101010101010101010101010000000000000000000000000000000000000000000000000
0000000000000000000110101010101010101010101010101010000000000000000000000000000000000000000000000000
0000000000000000001110101010101010101010101010101010000000000000000000000000000000000000000000000000
0000000000000000011010101010101010101010101010101010000000000000000000000000000000000000000000000000
0000000000000000111010101010101010101010101010101010000000000000000000000000000000000000000000000000
0000000000000001101010101010101010101010101010101010000000000000000000000000000000000000000000000000
0000000000000011101010101010101010101010101010101010000000000000000000000000000000000000000000000000
0000000000000110101010101010101010101010101010101010000000000000000000000000000000000000000000000000
0000000000001110101010101010101010101010101010101010000000000000000000000000000000000000000000000000
0000000000011010101010101010101010101010101010101010000000000000000000000000000000000000000000000000
0000000000111010101010101010101010101010101010101010000000000000000000000000000000000000000000000000
0000000001101010101010101010101010101010101010101010000000000000000000000000000000000000000000000000
0000000011101010101010101010101010101010101010101010000000000000000000000000000000000000000000000000
0000000110101010101010101010101010101010101010101010000000000000000000000000000000000000000000000000
0000001110101010101010101010101010101010101010101010000000000000000000000000000000000000000000000000
0000011010101010101010101010101010101010101010101010000000000000000000000000000000000000000000000000
0000111010101010101010101010101010101010101010101010000000000000000000000000000000000000000000000000
0001101010101010101010101010101010101010101010101010000000000000000000000000000000000000000000000000
0011101010101010101010101010101010101010101010101010000000000000000000000000000000000000000000000000
0110101010101010101010101010101010101010101010101010000000000000000000000000000000000000000000000000
0110101010101010101010101010101010101010101010101010000000000000000000000000000000000000000000000000
0110101010101010101010101010101010101010101010101010000000000000000000000000000000000000000000000000
0110101010101010101010101010101010101010101010101010000000000000000000000000000000000000000000000000
0110101010101010101010101010101010101010101010101010000000000000000000000000000000000000000000000000
0110101010101010101010101010101010101010101010101010000000000000000000000000000000000000000000000000
0110101010101010101010101010101010101010101010101010000000000000000000000000000000000000000000000000
0110101010101010101010101010101010101010101010101010000000000000000000000000000000000000000000000000
0110101010101010101010101010101010101010101010101010000000000000000000000000000000000000000000000000
0110101010101010101010101010101010101010101010101010000000000000000000000000000000000000000000000000
0110101010101010101010101010101010101010101010101010000000000000000000000000000000000000000000000000
0110101010101010101010101010101010101010101010101010000000000000000000000000000000000000000000000000
0110101010101010101010101010101010101010101010101010000000000000000000000000000000000000000000000000
0110101010101010101010101010101010101010101010101010000000000000000000000000000000000000000000000000
0110101010101010101010101010101010101010101010101010000000000000000000000000000000000000000000000000
0110101010101010101010101010101010101010101010101010000000000000000000000000000000000000000000000000
0110101010101010101010101010101010101010101010101010000000000000000000000000000000000000000000000000
0110101010101010101010101010101010101010101010101010000000000000000000000000000000000000000000000000
0110101010101010101010101010101010101010101010101010000000000000000000000000000000000000000000000000
0110101010101010101010101010101010101010101010101010000000000000000000000000000000000000000000000000
0110101010101010101010101010101010101010101010101010000000000000000000000000000000000000000000000000
0110101010101010101010101010101010101010101010101010000000000000000000000000000000000000000000000000
0110101010101010101010101010101010101010101010101010000000000000000000000000000000000000000000000000
0110101010101010101010101010101010101010101010101010000000000000000000000000000000000000000000000000
0110101010101010101010101010101010101010101010101010000000000000000000000000000000000000000000000000
0110101010101010101010101010101010101010101010101010000000000000000000000000000000000000000000000000
0110101010101010101010101010101010101010101010101010000000000000000000000000000000000000000000000000
0110101010101010101010101010101010101010101010101010000000000000000000000000000000000000000000000000
0110101010101010101010101010101010101010101010101010000000000000000000000000000000000000000000000000
0110101010101010101010101010101010101010101010101010000000000000000000000000000000000000000000000000
0110101010101010101010101010101010101010101010101010000000000000000000000000000000000000000000000000
0110101010101010101010101010101010101010101010101010000000000000000000000000000000000000000000000000
0110101010101010101010101010101010101010101010101010000000000000000000000000000000000000000000000000
0110101010101010101010101010101010101010101010101010000000000000000000000000000000000000000000000000
0110101010101010101010101010101010101010101010101010000000000000000000000000000000000000000000000000
0110101010101010101010101010101010101010101010101010000000000000000000000000000000000000000000000000
0110101010101010101010101010101010101010101010101010000000000000000000000000000000000000000000000000
0110101010101010101010101010101010101010101010101010000000000000000000000000000000000000000000000000
0110101010101010101010101010101010101010101010101010000000000000000000000000000000000000000000000000
0110101010101010101010101010101010101010101010101010000000000000000000000000000000000000000000000000
0110101010101010101010101010101010101010101010101010000000000000000000000000000000000000000000000000
0110101010101010101010101010101010101010101010101010000000000000000000000000000000000000000000000000
0110101010101010101010101010101010101010101010101010000000000000000000000000000000000000000000000000
0110101010101010101010101010101010101010101010101010000000000000000000000000000000000000000000000000
0110101010101010101010101010101010101010101010101010000000000000000000000000000000000000000000000000
0110101010101010101010101010101010101010101010101010000000000000000000000000000000000000000000000000
0110101010101010101010101010101010101010101010101010000000000000000000000000000000000000000000000000
0110101010101010101010101010101010101010101010101010000000000000000000000000000000000000000000000000
0110101010101010101010101010101010101010101010101010000000000000000000000000000000000000000000000000
0110101010101010101010101010101010101010101010101010000000000000000000000000000000000000000000000000
0110101010101010101010101010101010101010101010101010000000000000000000000000000000000000000000000000
