0000000000000000000000000000000000000000000000000010000000000000000000000000000000000000000000000000
0000000000000000000000000000000000000000000000000111000000000000000000000000000000000000000000000000
0000000000000000000000000000000000000000000000001101100000000000000000000000000000000000000000000000
0000000000000000000000000000000000000000000000011101110000000000000000000000000000000000000000000000
0000000000000000000000000000000000000000000000110101011000000000000000000000000000000000000000000000
0000000000000000000000000000000000000000000001110101011100000000000000000000000000000000000000000000
0000000000000000000000000000000000000000000011010101010110000000000000000000000000000000000000000000
0000000000000000000000000000000000000000000111010101010111000000000000000000000000000000000000000000
0000000000000000000000000000000000000000001101010101010101100000000000000000000000000000000000000000
0000000000000000000000000000000000000000011101010101010101110000000000000000000000000000000000000000
0000000000000000000000000000000000000000110101010101010101011000000000000000000000000000000000000000
0000000000000000000000000000000000000001110101010101010101011100000000000000000000000000000000000000
0000000000000000000000000000000000000011010101010101010101010110000000000000000000000000000000000000
0000000000000000000000000000000000000111010101010101010101010111000000000000000000000000000000000000
0000000000000000000000000000000000001101010101010101010101010101100000000000000000000000000000000000
0000000000000000000000000000000000011101010101010101010101010101110000000000000000000000000000000000
0000000000000000000000000000000000110101010101010101010101010101011000000000000000000000000000000000
0000000000000000000000000000000001110101010101010101010101010101011100000000000000000000000000000000
0000000000000000000000000000000011010101010101010101010101010101010110000000000000000000000000000000
0000000000000000000000000000000111010101010101010101010101010101010111000000000000000000000000000000
0000000000000000000000000000001101010101010101010101010101010101010101100000000000000000000000000000
0000000000000000000000000000011101010101010101010101010101010101010101110000000000000000000000000000
0000000000000000000000000000110101010101010101010101010101010101010101011000000000000000000000000000
0000000000000000000000000001110101010101010101010101010101010101010101011100000000000000000000000000
0000000000000000000000000011010101010101010101010101010101010101010101010110000000000000000000000000
0000000000000000000000000111010101010101010101010101010101010101010101010111000000000000000000000000
0000000000000000000000001101010101010101010101010101010101010101010101010101100000000000000000000000
0000000000000000000000011101010101010101010101010101010101010101010101010101110000000000000000000000
0000000000000000000000110101010101010101010101010101010101010101010101010101011000000000000000000000
0000000000000000000001110101010101010101010101010101010101010101010101010101011100000000000000000000
0000000000000000000011010101010101010101010101010101010101010101010101010101010110000000000000000000
0000000000000000000111010101010101010101010101010101010101010101010101010101010111000000000000000000
0000000000000000001101010101010101010101010101010101010101010101010101010101010101100000000000000000
0000000000000000011101010101010101010101010101010101010101010101010101010101010101110000000000000000
0000000000000000110101010101010101010101010101010101010101010101010101010101010101011000000000000000
0000000000000001110101010101010101010101010101010101010101010101010101010101010101011100000000000000
0000000000000011010101010101010101010101010101010101010101010101010101010101010101010110000000000000
0000000000000111010101010101010101010101010101010101010101010101010101010101010101010111000000000000
0000000000001101010101010101010101010101010101010101010101010101010101010101010101010101100000000000
0000000000011101010101010101010101010101010101010101010101010101010101010101010101010101110000000000
0000000000110101010101010101010101010101010101010101010101010101010101010101010101010101011000000000
0000000001110101010101010101010101010101010101010101010101010101010101010101010101010101011100000000
0000000011010101010101010101010101010101010101010101010101010101010101010101010101010101010110000000
0000000111010101010101010101010101010101010101010101010101010101010101010101010101010101010111000000
0000001101010101010101010101010101010101010101010101010101010101010101010101010101010101010101100000
0000011101010101010101010101010101010101010101010101010101010101010101010101010101010101010101110000
0000110101010101010101010101010101010101010101010101010101010101010101010101010101010101010101011000
0001110101010101010101010101010101010101010101010101010101010101010101010101010101010101010101011100
0011010101010101010101010101010101010101010101010101010101010101010101010101010101010101010101010110
0111010101010101010101010101010101010101010101010101010101010101010101010101010101010101010101010110
0101010101010101010101010101010101010101010101010101010101010101010101010101010101010101010101010110
0101010101010101010101010101010101010101010101010101010101010101010101010101010101010101010101010110
0101010101010101010101010101010101010101010101010101010101010101010101010101010101010101010101010110
0101010101010101010101010101010101010101010101010101010101010101010101010101010101010101010101010110
0101010101010101010101010101010101010101010101010101010101010101010101010101010101010101010101010110
0101010101010101010101010101010101010101010101010101010101010101010101010101010101010101010101010110
0101010101010101010101010101010101010101010101010101010101010101010101010101010101010101010101010110
0101010101010101010101010101010101010101010101010101010101010101010101010101010101010101010101010110
0101010101010101010101010101010101010101010101010101010101010101010101010101010101010101010101010110
0101010101010101010101010101010101010101010101010101010101010101010101010101010101010101010101010110
0101010101010101010101010101010101010101010101010101010101010101010101010101010101010101010101010110
0101010101010101010101010101010101010101010101010101010101010101010101010101010101010101010101010110
0101010101010101010101010101010101010101010101010101010101010101010101010101010101010101010101010110
0101010101010101010101010101010101010101010101010101010101010101010101010101010101010101010101010110
0101010101010101010101010101010101010101010101010101010101010101010101010101010101010101010101010110
0101010101010101010101010101010101010101010101010101010101010101010101010101010101010101010101010110
0101010101010101010101010101010101010101010101010101010101010101010101010101010101010101010101010110
0101010101010101010101010101010101010101010101010101010101010101010101010101010101010101010101010110
0101010101010101010101010101010101010101010101010101010101010101010101010101010101010101010101010110
0101010101010101010101010101010101010101010101010101010101010101010101010101010101010101010101010110
0101010101010101010101010101010101010101010101010101010101010101010101010101010101010101010101010110
0101010101010101010101010101010101010101010101010101010101010101010101010101010101010101010101010110
0101010101010101010101010101010101010101010101010101010101010101010101010101010101010101010101010110
0101010101010101010101010101010101010101010101010101010101010101010101010101010101010101010101010110
0101010101010101010101010101010101010101010101010101010101010101010101010101010101010101010101010110
0101010101010101010101010101010101010101010101010101010101010101010101010101010101010101010101010110
0101010101010101010101010101010101010101010101010101010101010101010101010101010101010101010101010110
0101010101010101010101010101010101010101010101010101010101010101010101010101010101010101010101010110
0101010101010101010101010101010101010101010101010101010101010101010101010101010101010101010101010110
0101010101010101010101010101010101010101010101010101010101010101010101010101010101010101010101010110
0101010101010101010101010101010101010101010101010101010101010101010101010101010101010101010101010110
0101010101010101010101010101010101010101010101010101010101010101010101010101010101010101010101010110
0101010101010101010101010101010101010101010101010101010101010101010101010101010101010101010101010110
0101010101010101010101010101010101010101010101010101010101010101010101010101010101010101010101010110
0101010101010101010101010101010101010101010101010101010101010101010101010101010101010101010101010110
0101010101010101010101010101010101010101010101010101010101010101010101010101010101010101010101010110
0101010101010101010101010101010101010101010101010101010101010101010101010101010101010101010101010110
0101010101010101010101010101010101010101010101010101010101010101010101010101010101010101010101010110
0101010101010101010101010101010101010101010101010101010101010101010101010101010101010101010101010110
0101010101010101010101010101010101010101010101010101010101010101010101010101010101010101010101010110
0101010101010101010101010101010101010101010101010101010101010101010101010101010101010101010101010110
0101010101010101010101010101010101010101010101010101010101010101010101010101010101010101010101010110
0101010101010101010101010101010101010101010101010101010101010101010101010101010101010101010101010110
0101010101010101010101010101010101010101010101010101010101010101010101010101010101010101010101010110
0101010101010101010101010101010101010101010101010101010101010101010101010101010101010101010101010110
0101010101010101010101010101010101010101010101010101010101010101010101010101010101010101010101010110
0101010101010101010101010101010101010101010101010101010101010101010101010101010101010101010101010110
0101010101010101010101010101010101010101010101010101010101010101010101010101010101010101010101010110
0101010101010101010101010101010101010101010101010101010101010101010101010101010101010101010101010110
0101010101010101010101010101010101010101010101010101010101010101010101010101010101010101010101010110
