0000000000000000000000000000000000000000000000000010000000000000000000000000000000000000000000000000
0111111111111111111111111111111111111111111111111000111111111111111111111111111111111111111111111110
0100000000000000000000000000000000000000000000000010100000000000000000000000000000000000000000000000
0001111111111111111111111111111111111111111111111001001111111111111111111111111111111111111111111110
0101000000000000000000000000000000000000000000000000001000000000000000000000000000000000000000000000
0010011111111111111111111111111111111111111111111111100011111111111111111111111111111111111111111110
0000010000000000000000000000000000000000000000000000001010000000000000000000000000000000000000000000
0111000111111111111111111111111111111111111111111111100100111111111111111111111111111111111111111110
0100010100000000000000000000000000000000000000000000000000100000000000000000000000000000000000000000
0001001001111111111111111111111111111111111111111111111110001111111111111111111111111111111111111110
0100000001000000000000000000000000000000000000000000000000101000000000000000000000000000000000000000
0001111100011111111111111111111111111111111111111111111110010011111111111111111111111111111111111110
0101000001010000000000000000000000000000000000000000000000000010000000000000000000000000000000000000
0010011100100111111111111111111111111111111111111111111111111000111111111111111111111111111111111110
0000010000000100000000000000000000000000000000000000000000000010100000000000000000000000000000000000
0111000111110001111111111111111111111111111111111111111111111001001111111111111111111111111111111110
0100010100000101000000000000000000000000000000000000000000000000001000000000000000000000000000000000
0001001001110010011111111111111111111111111111111111111111111111100011111111111111111111111111111110
0100000001000000010000000000000000000000000000000000000000000000001010000000000000000000000000000000
0001111100011111000111111111111111111111111111111111111111111111100100111111111111111111111111111110
0101000001010000010100000000000000000000000000000000000000000000000000100000000000000000000000000000
0010011100100111001001111111111111111111111111111111111111111111111110001111111111111111111111111110
0000010000000100000001000000000000000000000000000000000000000000000000101000000000000000000000000000
0111000111110001111100011111111111111111111111111111111111111111111110010011111111111111111111111110
0100010100000101000001010000000000000000000000000000000000000000000000000010000000000000000000000000
0001001001110010011100100111111111111111111111111111111111111111111111111000111111111111111111111110
0100000001000000010000000100000000000000000000000000000000000000000000000010100000000000000000000000
0001111100011111000111110001111111111111111111111111111111111111111111111001001111111111111111111110
0101000001010000010100000101000000000000000000000000000000000000000000000000001000000000000000000000
0010011100100111001001110010011111111111111111111111111111111111111111111111100011111111111111111110
0000010000000100000001000000010000000000000000000000000000000000000000000000001010000000000000000000
0111000111110001111100011111000111111111111111111111111111111111111111111111100100111111111111111110
0100010100000101000001010000010100000000000000000000000000000000000000000000000000100000000000000000
0001001001110010011100100111001001111111111111111111111111111111111111111111111110001111111111111110
0100000001000000010000000100000001000000000000000000000000000000000000000000000000101000000000000000
0001111100011111000111110001111100011111111111111111111111111111111111111111111110010011111111111110
0101000001010000010100000101000001010000000000000000000000000000000000000000000000000010000000000000
0010011100100111001001110010011100100111111111111111111111111111111111111111111111111000111111111110
0000010000000100000001000000010000000100000000000000000000000000000000000000000000000010100000000000
0111000111110001111100011111000111110001111111111111111111111111111111111111111111111001001111111110
0100010100000101000001010000010100000101000000000000000000000000000000000000000000000000001000000000
0001001001110010011100100111001001110010011111111111111111111111111111111111111111111111100011111110
0100000001000000010000000100000001000000010000000000000000000000000000000000000000000000001010000000
0001111100011111000111110001111100011111000111111111111111111111111111111111111111111111100100111110
0101000001010000010100000101000001010000010100000000000000000000000000000000000000000000000000100000
0010011100100111001001110010011100100111001001111111111111111111111111111111111111111111111110001110
0000010000000100000001000000010000000100000001000000000000000000000000000000000000000000000000101000
0111000111110001111100011111000111110001111100011111111111111111111111111111111111111111111110010010
0100010100000101000001010000010100000101000001010000000000000000000000000000000000000000000000000000
0001001001110010011100100111001001110010011100100111111111111111111111111111111111111111111111111110
0100000001000000010000000100000001000000010000000100000000000000000000000000000000000000000000000000
0001111100011111000111110001111100011111000111110001111111111111111111111111111111111111111111111110
0101000001010000010100000101000001010000010100000101000000000000000000000000000000000000000000000000
0010011100100111001001110010011100100111001001110010011111111111111111111111111111111111111111111110
0000010000000100000001000000010000000100000001000000010000000000000000000000000000000000000000000000
0111000111110001111100011111000111110001111100011111000111111111111111111111111111111111111111111110
0100010100000101000001010000010100000101000001010000010100000000000000000000000000000000000000000000
0001001001110010011100100111001001110010011100100111001001111111111111111111111111111111111111111110
0100000001000000010000000100000001000000010000000100000001000000000000000000000000000000000000000000
0001111100011111000111110001111100011111000111110001111100011111111111111111111111111111111111111110
0101000001010000010100000101000001010000010100000101000001010000000000000000000000000000000000000000
0010011100100111001001110010011100100111001001110010011100100111111111111111111111111111111111111110
0000010000000100000001000000010000000100000001000000010000000100000000000000000000000000000000000000
0111000111110001111100011111000111110001111100011111000111110001111111111111111111111111111111111110
0100010100000101000001010000010100000101000001010000010100000101000000000000000000000000000000000000
0001001001110010011100100111001001110010011100100111001001110010011111111111111111111111111111111110
0100000001000000010000000100000001000000010000000100000001000000010000000000000000000000000000000000
0001111100011111000111110001111100011111000111110001111100011111000111111111111111111111111111111110
0101000001010000010100000101000001010000010100000101000001010000010100000000000000000000000000000000
0010011100100111001001110010011100100111001001110010011100100111001001111111111111111111111111111110
0000010000000100000001000000010000000100000001000000010000000100000001000000000000000000000000000000
0111000111110001111100011111000111110001111100011111000111110001111100011111111111111111111111111110
0100010100000101000001010000010100000101000001010000010100000101000001010000000000000000000000000000
0001001001110010011100100111001001110010011100100111001001110010011100100111111111111111111111111110
0100000001000000010000000100000001000000010000000100000001000000010000000100000000000000000000000000
0001111100011111000111110001111100011111000111110001111100011111000111110001111111111111111111111110
0101000001010000010100000101000001010000010100000101000001010000010100000101000000000000000000000000
0010011100100111001001110010011100100111001001110010011100100111001001110010011111111111111111111110
0000010000000100000001000000010000000100000001000000010000000100000001000000010000000000000000000000
0111000111110001111100011111000111110001111100011111000111110001111100011111000111111111111111111110
0100010100000101000001010000010100000101000001010000010100000101000001010000010100000000000000000000
0001001001110010011100100111001001110010011100100111001001110010011100100111001001111111111111111110
0100000001000000010000000100000001000000010000000100000001000000010000000100000001000000000000000000
0001111100011111000111110001111100011111000111110001111100011111000111110001111100011111111111111110
0101000001010000010100000101000001010000010100000101000001010000010100000101000001010000000000000000
0010011100100111001001110010011100100111001001110010011100100111001001110010011100100111111111111110
0000010000000100000001000000010000000100000001000000010000000100000001000000010000000100000000000000
0111000111110001111100011111000111110001111100011111000111110001111100011111000111110001111111111110
0100010100000101000001010000010100000101000001010000010100000101000001010000010100000101000000000000
0001001001110010011100100111001001110010011100100111001001110010011100100111001001110010011111111110
0100000001000000010000000100000001000000010000000100000001000000010000000100000001000000010000000000
0001111100011111000111110001111100011111000111110001111100011111000111110001111100011111000111111110
0101000001010000010100000101000001010000010100000101000001010000010100000101000001010000010100000000
0010011100100111001001110010011100100111001001110010011100100111001001110010011100100111001001111110
0000010000000100000001000000010000000100000001000000010000000100000001000000010000000100000001000000
0111000111110001111100011111000111110001111100011111000111110001111100011111000111110001111100011110
0100010100000101000001010000010100000101000001010000010100000101000001010000010100000101000001010000
0001001001110010011100100111001001110010011100100111001001110010011100100111001001110010011100100110
0100000001000000010000000100000001000000010000000100000001000000010000000100000001000000010000000100
0001111100011111000111110001111100011111000111110001111100011111000111110001111100011111000111110000
