0000000000000000000000000000000000000000000000000010000000000000000000000000000000000000000000000000
0111111111111111111111111111111111111111111111111001111111111111111111111111111111111111111111111110
0100000000000000000000000000000000000000000000000101000000000000000000000000000000000000000000000000
0011111111111111111111111111111111111111111111110010111111111111111111111111111111111111111111111110
0010000000000000000000000000000000000000000000001001100000000000000000000000000000000000000000000000
0001111111111111111111111111111111111111111111100101011111111111111111111111111111111111111111111110
0101000000000000000000000000000000000000000000010010110000000000000000000000000000000000000000000000
0010111111111111111111111111111111111111111111001001101111111111111111111111111111111111111111111110
0001100000000000000000000000000000000000000000100101011000000000000000000000000000000000000000000000
0101011111111111111111111111111111111111111110010010110111111111111111111111111111111111111111111110
0010110000000000000000000000000000000000000001001001101100000000000000000000000000000000000000000000
0001101111111111111111111111111111111111111100100101011011111111111111111111111111111111111111111110
0101011000000000000000000000000000000000000010010010110110000000000000000000000000000000000000000000
0010110111111111111111111111111111111111111001001001101101111111111111111111111111111111111111111110
0001101100000000000000000000000000000000000100100101011011000000000000000000000000000000000000000000
0101011011111111111111111111111111111111110010010010110110111111111111111111111111111111111111111110
0010110110000000000000000000000000000000001001001001101101100000000000000000000000000000000000000000
0001101101111111111111111111111111111111100100100101011011011111111111111111111111111111111111111110
0101011011000000000000000000000000000000010010010010110110110000000000000000000000000000000000000000
0010110110111111111111111111111111111111001001001001101101101111111111111111111111111111111111111110
0001101101100000000000000000000000000000100100100101011011011000000000000000000000000000000000000000
0101011011011111111111111111111111111110010010010010110110110111111111111111111111111111111111111110
0010110110110000000000000000000000000001001001001001101101101100000000000000000000000000000000000000
0001101101101111111111111111111111111100100100100101011011011011111111111111111111111111111111111110
0101011011011000000000000000000000000010010010010010110110110110000000000000000000000000000000000000
0010110110110111111111111111111111111001001001001001101101101101111111111111111111111111111111111110
0001101101101100000000000000000000000100100100100101011011011011000000000000000000000000000000000000
0101011011011011111111111111111111110010010010010010110110110110111111111111111111111111111111111110
0010110110110110000000000000000000001001001001001001101101101101100000000000000000000000000000000000
0001101101101101111111111111111111100100100100100101011011011011011111111111111111111111111111111110
0101011011011011000000000000000000010010010010010010110110110110110000000000000000000000000000000000
0010110110110110111111111111111111001001001001001001101101101101101111111111111111111111111111111110
0001101101101101100000000000000000100100100100100101011011011011011000000000000000000000000000000000
0101011011011011011111111111111110010010010010010010110110110110110111111111111111111111111111111110
0010110110110110110000000000000001001001001001001001101101101101101100000000000000000000000000000000
0001101101101101101111111111111100100100100100100101011011011011011011111111111111111111111111111110
0101011011011011011000000000000010010010010010010010110110110110110110000000000000000000000000000000
0010110110110110110111111111111001001001001001001001101101101101101101111111111111111111111111111110
0001101101101101101100000000000100100100100100100101011011011011011011000000000000000000000000000000
0101011011011011011011111111110010010010010010010010110110110110110110111111111111111111111111111110
0010110110110110110110000000001001001001001001001001101101101101101101100000000000000000000000000000
0001101101101101101101111111100100100100100100100101011011011011011011011111111111111111111111111110
0101011011011011011011000000010010010010010010010010110110110110110110110000000000000000000000000000
0010110110110110110110111111001001001001001001001001101101101101101101101111111111111111111111111110
0001101101101101101101100000100100100100100100100101011011011011011011011000000000000000000000000000
0101011011011011011011011110010010010010010010010010110110110110110110110111111111111111111111111110
0010110110110110110110110001001001001001001001001001101101101101101101101100000000000000000000000000
0001101101101101101101101100100100100100100100100101011011011011011011011011111111111111111111111110
0101011011011011011011011010010010010010010010010010110110110110110110110110000000000000000000000000
0010110110110110110110110101001001001001001001001001101101101101101101101101111111111111111111111110
0001101101101101101101101010100100100100100100100101011011011011011011011011000000000000000000000000
0101011011011011011011010101010010010010010010010010110110110110110110110110111111111111111111111110
0010110110110110110110101010101001001001001001001001101101101101101101101101100000000000000000000000
0001101101101101101101010101010100100100100100100101011011011011011011011011011111111111111111111110
0101011011011011011010101010101010010010010010010010110110110110110110110110110000000000000000000000
0010110110110110110101010101010101001001001001001001101101101101101101101101101111111111111111111110
0001101101101101101010101010101010100100100100100101011011011011011011011011011000000000000000000000
0101011011011011010101010101010101010010010010010010110110110110110110110110110111111111111111111110
0010110110110110101010101010101010101001001001001001101101101101101101101101101100000000000000000000
0001101101101101010101010101010101010100100100100101011011011011011011011011011011111111111111111110
0101011011011010101010101010101010101010010010010010110110110110110110110110110110000000000000000000
0010110110110101010101010101010101010101001001001001101101101101101101101101101101111111111111111110
0001101101101010101010101010101010101010100100100101011011011011011011011011011011000000000000000000
0101011011010101010101010101010101010101010010010010110110110110110110110110110110111111111111111110
0010110110101010101010101010101010101010101001001001101101101101101101101101101101100000000000000000
0001101101010101010101010101010101010101010100100101011011011011011011011011011011011111111111111110
0101011010101010101010101010101010101010101010010010110110110110110110110110110110110000000000000000
0010110101010101010101010101010101010101010101001001101101101101101101101101101101101111111111111110
0001101010101010101010101010101010101010101010100101011011011011011011011011011011011000000000000000
0101010101010101010101010101010101010101010101010010110110110110110110110110110110110111111111111110
0010101010101010101010101010101010101010101010101001101101101101101101101101101101101100000000000000
0001010101010101010101010101010101010101010101010101011011011011011011011011011011011011111111111110
0100101010101010101010101010101010101010101010101010110110110110110110110110110110110110000000000000
0010010101010101010101010101010101010101010101010101101101101101101101101101101101101101111111111110
0001001010101010101010101010101010101010101010101011011011011011011011011011011011011011000000000000
0100100101010101010101010101010101010101010101010110110110110110110110110110110110110110111111111110
0010010010101010101010101010101010101010101010101101101101101101101101101101101101101101100000000000
0001001001010101010101010101010101010101010101011011011011011011011011011011011011011011011111111110
0100100100101010101010101010101010101010101010110110110110110110110110110110110110110110110000000000
0010010010010101010101010101010101010101010101101101101101101101101101101101101101101101101111111110
0001001001001010101010101010101010101010101011011011011011011011011011011011011011011011011000000000
0100100100100101010101010101010101010101010110110110110110110110110110110110110110110110110111111110
0010010010010010101010101010101010101010101101101101101101101101101101101101101101101101101100000000
0001001001001001010101010101010101010101011011011011011011011011011011011011011011011011011011111110
0100100100100100101010101010101010101010110110110110110110110110110110110110110110110110110110000000
0010010010010010010101010101010101010101101101101101101101101101101101101101101101101101101101111110
0001001001001001001010101010101010101011011011011011011011011011011011011011011011011011011011000000
0100100100100100100101010101010101010110110110110110110110110110110110110110110110110110110110111110
0010010010010010010010101010101010101101101101101101101101101101101101101101101101101101101101100000
0001001001001001001001010101010101011011011011011011011011011011011011011011011011011011011011011110
0100100100100100100100101010101010110110110110110110110110110110110110110110110110110110110110110000
0010010010010010010010010101010101101101101101101101101101101101101101101101101101101101101101101110
0001001001001001001001001010101011011011011011011011011011011011011011011011011011011011011011011000
0100100100100100100100100101010110110110110110110110110110110110110110110110110110110110110110110110
0010010010010010010010010010101101101101101101101101101101101101101101101101101101101101101101101100
0001001001001001001001001001011011011011011011011011011011011011011011011011011011011011011011011010
0100100100100100100100100100110110110110110110110110110110110110110110110110110110110110110110110100
0010010010010010010010010010101101101101101101101101101101101101101101101101101101101101101101101010
0001001001001001001001001001011011011011011011011011011011011011011011011011011011011011011011010100
0100100100100100100100100100110110110110110110110110110110110110110110110110110110110110110110101010
